FIr,625500.848,24192.109000000004,6896072.822999999,0,0,0,0,0,0,9426788.516,173070.83,32217893.229000002,0,0,0,364.547,282.12199999999996,646.669,39114612.72099999,1.7721087444127266
NIa,0,0,0,0,0,0,0,0,0,501134803.235,1681584.8869999996,502894375.30700004,0,0,0,584.082,374.45500000000004,958.5389999999999,502895333.8459999,22.783945861603563
CFb,0,0,0,0,0,0,0,0,0,7034910.873,38466.242999999995,7219816.248999999,0,0,0,0,0,0,7219816.249000002,0.3270976910641108
MCa,0,0,0,0,0,0,0,0,0,81735728.819,558179.0680000001,82445606.24899998,0,0,0,0,0,0,82445606.249,3.7352429081784404
MHa,0,0,0,0,0,0,0,0,0,43238223.835,148767.39099999995,115268469.17900002,0,0,0,0,0,0,115268469.179,5.222300515773905
fjse,2746.328,864.4620000000001,70867.658,544.5699999999999,2077.1800000000003,2955.65,806.0820000000001,1005.8809999999999,208425.289,114708.14199999999,2739.9790000000003,251811.831,0,0,0,6.88,150.75499999999997,157.63400000000001,534218.062,0.024203039049525258
GEb,0,0,0,0,0,0,0,0,0,248532114.30599993,83351019.506,332089214.6909999,0,0,0,0,0,0,332089214.6910002,15.045481991008486
RFa,0,0,0,0,0,0,0,0,0,82592982.833,196949.064,294213529.16999996,0,0,0,0,0,0,294213529.1699999,13.32950351536438
FIa,0.367,10.51,4632943.09,8657335.537000002,112168.526,12686382.261,0,0,0,42498927.43700001,350110.80100000004,43753445.27700001,0,0,0,0,0,0,61072770.62799999,2.7669349981135287
FIg,0,0,0,0,0,0,50.977000000000004,63.284,1711.7960000000003,30759413.505000003,134991.02000000002,50776491.684,0,0,0,0,0,0,50778203.48,2.3005340498786415
FMd,0,0,0,0,0,0,0,0,0,312961495.67100006,2054818.9780000001,353724638.349,0,0,0,0,0,0,353724638.349,16.02568659451287
root,0,0,0,0,0,0,0,0,0,0.078,0.041,0.119,0,0,0,0,0,0,0.119,5.391359543536934e-09
geadmin,0,0,0,1.334,5.529,6.8629999999999995,0,0,0,1.2279999999999998,2.9090000000000003,1589.4159999999997,0,0,0,0,0,0,1596.2789999999995,7.232028588905539e-05
ZZa,135.202,3772.9210000000003,4006.147,146.731,3860.414,4054.379,0,0,0,4.115,11.946,16.063,0,0,0,0.518,0.6090000000000001,1.1269999999999998,8077.716,0.00036596530459311754
FMa,-70300094996066.77,-70300094931165.055,201502.68600000002,0.619,20.899,21.518,0,0,0,292088427.218,623261.769,367667518.71900004,0,0,0,236.70100000000002,31.292,337.368,367869380.2909998,16.666521800057982
