intmpi.default,44,1192.7819999999997,839.2790000000001,2101.4369999999994,0,1,2.346756743699039,202.378993664
sma.D,3,287.86899999999997,213.21200000000002,356447.592,60437.856,480,104.10173990186331,279.123103744
sma.E,3,1195845.091,81560.852,1277405.943,71482.372,1040,77.44946794906461,139.868536832
sma.B,15,-70300094891718.234,-70300094934014.17,3604196.193,195294.332,144,33.336861324416084,265.7528832
sma.C,8,1037445.192,46082.992,1303419.3739999998,542453.0800000001,300,36.49930980174762,14130.76353024
sma.A,27,2531357.1999999993,34889.27399999999,9788563.182999998,355127.7859999999,74,24.241903235552726,269.044330496
dma.default,238,281589439.721,604912.3049999998,357062068.06500006,11478387.239000002,31,6.223779044414417,161.526992896
single.default,37,58503.89600000001,22681.827,82861.84300000002,0,1,1535.3532419222506,140735.491330048
aps.E,2,596667.43,26380.14,623047.571,42823.224,960,53.26535280749311,129.112322048
aps.D,1,0.098,6.123,6.221,7280.892,480,0.004235814177784922,0.124432384
aps.A,13,51.444,84.301,1733.2790000000002,31481.269999999997,44,0.08317786609740044,8.939188224
aps.C,2,0.225,14.994,206628.541,1764382.912,280,16.072639333694717,14130.764075008
aps.B,1,0.184,7.986,8.169,2435.508,160,0.004317909168808911,0.124432384
dma.A,1618,2996742006.370002,116924500.77899984,3486747160.008,96773469.36500013,87,4.280407250625593,14406.370832384
sma.default,3,2746.085,855.1220000000001,3601.208,5276.362,41,0.08797547755720403,5.777461248
smb.default,6,0.487,1.3900000000000001,1.8760000000000001,1443.754,80,0.005682020201215593,0.110485504
aps.default,7,805.8130000000001,990.121,1795.9359999999997,5650.398,41,0.2864020098217171,6.95105536
smb.A,85,-70300089262824.93,-70300094979713.86,6483945.669,184215.01599999997,64,4.675618227672591,64.589942784
smb.C,56,7595429.802000002,104449.68000000001,7778575.159999999,322623.36,295,30.216711687772115,1336.306638848
smb.B,32,10747239.635000002,148904.241,14813022.071999997,975758.7720000001,160,10.406381614330252,32.687722496
smb.E,16,4204022.442999999,1252954.539,6924533.656999999,482642.9659999999,1040,53.93136018760355,139.872731136
smb.D,6,894631.3829999999,38864.269,933495.652,63865.788,480,17.497300072260973,64.59623424
