aps.E,2,519556.215,31383.79,550940.005,24148.152,960,51.14240375396976,129.103929344
intmpi.default,295,94886.79399999992,26435.890999999996,139625.28199999998,0,1,2.1771208415448133,158.376300544
smb.E,10,281145940.579,2443190.0250000004,331393097.581,11701571.076,1028,368.51354048149915,2380.446244864
dma.A,7968,15686153575.987036,272294311.79200035,23520867530.32499,688088512.0110006,127,2.6681422465812292,7464.075071488
sma.D,1,0.117,2.165,2257.25,28878.216,322,147.3951701911618,286.3744
sma.E,3,38541807.353,5841397.157000001,44383204.511,2974930.0100000002,960,97.02574162962371,139.86015232
sma.B,3,131.884,16915.961,17047.844,2662.212,100,0.8247839761631267,5943.32555264
sma.C,11,956563.9559999999,37810.548,1003655.257,51923.89599999999,305,19.894406093604033,5925.271949312
sma.A,97,35950057.41099999,257369.73799999998,314881877.60699993,35764585.76200001,54,6.946794946919405,1452.230176768
dma.M,59,1256285049.0809999,7820825.228,3447589818.456001,88107360.66099995,1338,0.8074895488327141,3856.9284608
dma.L,59,7073345.547,140700.47600000002,20729166926.155,531326878.45899993,4772,0.5836799193844363,5725.749702656
single.default,297,5722713.6690000035,55877.97899999996,8675702.633000001,0,1,2.8527948056314676,92.185673728
smb.A,191,68488514.478,1260102.7189999998,363659934.63599986,17678732.796000004,73,11.23561884242371,238.328471552
smb.C,48,8441092.786,61171.128000000004,8660949.898000002,239448.15199999997,320,27.509117015204296,43.102281728
smb.B,18,3690405.0960000004,34222.328,88472104.69900002,3017559.7360000005,117,14.837433624931114,112.313831424
dma.default,57,151308433.01800007,729540.6519999998,191207097.16500005,5673901.954,43,3.244865420089058,118.770581504
smb.D,8,134010810.023,1853537.137,181410401.323,6053579.472,400,680.3247889903523,2332.844654592
intsmp.default,40,158.708,267.49699999999996,32428.72,0,1,5.499420987383147,290.149380096
