intmpi.default,19,7596.0199999999995,387.50699999999995,15748.5,0,1,0.5048811526360834,20.125323264
dma.LM,41,5396.971999999999,4186.073,1034889520.0819999,26039435.593,2345,0.1769300898519677,2376.511291392
sma.D,6,0.6429999999999999,20.801,21.442,7494.552,480,0.00420068817938005,0.226459648
sma.E,6,0.706,5.989,6.696,15794.168,1040,0.008793655392495528,0.226459648
sma.B,15,1.2029999999999998,16.613,7724709.727999999,261628.456,140,8.004140624601181,14.612758528
sma.C,15,1.059,8.23,15090451.281999998,523643.664,281,15.166875162947365,27.501170688
sma.A,45,1142798.25,1170.023,14798029.674,1363206.534,76,2.110893661889864,9.750818816
intsmp.default,5,67.631,156.55399999999997,224.184,0,1,0.038465981962738496,1.69332736
dma.LS,180,327047231.99399984,1971899.721,396136084.54899997,10384277.700000005,196,1.8021710178140375,750.668664832
share.default,50,2619543.131,95663.857,2715660.673,0.0,13,1.922289283858711,19.90178816
single.default,186,103108.614,95270.63199999993,200053.04,0.0,1,0.6543251959711656,7.298899968
dma.A,611,228852057.58000007,9041294.067999998,262813708.87699994,11014502.207000004,11,1.3902900415633832,305.613697024
sma.AS,113,110990.61600000001,1512.8029999999999,963146.1260000003,53586.49499999996,39,0.6545287508633981,35.254603776
dma.M,8,161728.203,1336.894,1213066461.054,30512502.185,2040,0.426370997769585,1530.526859264
dma.L,10,64405930.08300001,1048326.091,67794145.63900001,2133923.483,5140,5.4519673311309145,79653.393461248
aps.A,33,227990.32299999997,1832.7730000000001,4091842.349,140600.626,60,4.20043930107433,54.510600192
aps.C,7,326239.725,8035.394,3010583.4159999997,101479.24000000002,274,20.551816771372895,43.098083328
aps.B,19,78978.347,3921.4030000000007,7737277.111,266148.80000000005,129,9.719377062660365,17.805283328
dma.E,66,1269840415.2499993,8061329.988000002,2157144037.0200005,54122508.55500001,585,0.546510003378264,460.182175744
dma.D,39,175485524.85499993,2946417.2660000003,1066102283.389,31113353.555000003,265,1.1565305397684646,2360.154824704
dma.F,41,1798970227.3650002,21031287.104000002,2880442841.537,76932310.54800002,947,0.903384894953125,2226.389241856
dma.default,18,4735.591000000001,41.814,8082.061,6066.3189999999995,4,0.4293786950629956,30.563303424
dma.C,19,98139425.34600002,2549206.706,244142643.454,6326831.123999999,151,0.7833667142531667,371.468374016
dma.B,114,358319003.136,13558291.581000002,371899748.32700014,9330793.569999998,75,2.527293234125148,650.623369216
smb.AS,7,1518.1930000000002,60.786,1578.979,79.34400000000001,33,0.0,0.0
aps.AS,117,422659.466,10105.706999999999,1008725.709,41300.825999999994,37,2.524171462722022,13.296181248
dma.MS,8,12306164.094,303029.517,47499356.255,1192904.823,90,7.064368405897951,194.783277056
smb.A,49,2831985.405,4940.937,6653672.380999999,255892.85800000004,75,3.33900272862013,13.272387584
smb.C,6,49579539.438,4088668.0829999996,100575411.775,5164010.584,320,83.50556637335757,874.05985792
smb.B,9,0.5730000000000001,6.292,7884301.87,259244.576,128,13.354878135993944,14.583390208
smb.D,9,1.1159999999999999,40.605,23269313.599999998,792115.908,400,38.76337057369443,42.015645696
