intmpi.default,84,30124.009,6566.289000000001,63004.717000000004,0,1,2.5811556227844883,56.977616896
sma.D,8,0.9410000000000001,29.432000000000002,30.371999999999996,8820.336000000001,480,0.002135943198219145,0.226459648
sma.E,14,94131161.75699998,836537.1980000001,94967698.956,2787773.871999999,1035,14.929639401532475,139.86015232
sma.B,14,1.0619999999999998,19.549,20.609999999999996,5463.7119999999995,160,0.003958899710813895,0.226459648
sma.C,12,232472.669,2704.574,235177.24,15338.504,320,2.932967929299284,43.093901312
sma.A,164,7445763.834999996,98944.40599999996,31768806.355999965,4495909.842,46,3.186480443389186,38.40454656
intsmp.default,33,20208.397000000004,9921.903999999997,30130.299999999992,0,1,0.35087938821818115,56.496082944
dma.LS,575,1506494108.6940002,15003537.303000007,1855149141.1180003,56766525.98199993,176,4.1435338346863,10081.844023296
share.default,149,36275.12600000002,331.5130000000001,36742.78299999999,0.0,7,0.9413256961070335,20.454940672
dma.LM,42,880123129.687,6191161.549999997,4128763740.9290004,103793230.66700003,2167,1.1175637862522703,1537.593237504
dma.A,1176,966297215.6420026,36610159.68800007,1337362259.4390001,49733374.38499999,22,4.413842630374352,305.702068224
sma.AS,28,1.0870000000000002,8.651000000000002,9.733000000000002,2756.639,40,0.005624159670116697,0.228417536
single.default,1474,11260716.724000001,5028597.665000004,20222631.071000017,0,1,0.8314726149513599,11.327987712
dma.M,46,1689153867.435,19981662.370000005,2004328305.676,72613825.79699999,1262,4.049750293778933,2104.381784064
dma.L,30,1716571104.4359999,23291922.043999996,13601424074.581003,341787987.6649999,3585,0.8938030585468424,13241.499766784
aps.A,32,164.27599999999993,229.19300000000004,2534867.435,66353.652,64,137.70916331678865,2368.89059328
aps.C,3,0.154,1.218,1.3719999999999999,1264.0320000000002,320,0.0020161993769470406,0.226320384
aps.B,6,0.5139999999999999,13.41,13.925,1911.116,146,0.003753172556771807,0.226320384
dma.E,312,8798762584.768003,70628042.89299996,11816727288.027008,299559227.00999993,524,0.7325769544276265,1072.607145984
dma.D,224,3467319929.691,77815524.90700002,6417339534.881999,169677781.28399998,280,1.5048262267358268,18431.547400192
dma.F,223,9866807689.941002,82123763.11900003,15457927967.583994,394036515.246,927,0.7991612324357772,1140.850028544
dma.default,9,76372.93,37.693999999999996,147499.02799999996,6795.0070000000005,14,0.9738582634013806,5.761282048
dma.C,273,754960259.4810001,42949773.175000004,1315419238.1859999,53239914.72999996,142,0.7022188191376811,503.32264448
dma.B,477,623592714.1469998,29490609.76300003,919217950.8270009,28781344.03000003,76,0.7135428550724889,621.304819712
aps.E,1,0.053,3.955,1237.98,1167.504,960,1132.2134719438118,2431.97753344
smb.AS,19,0.6040000000000002,13.231999999999998,13.837000000000002,1321.228,40,0.003950027199218635,0.228417536
aps.AS,39,1.1250000000000002,22.459,23.580999999999992,1925.9630000000004,40,0.004484650469208617,0.228425728
dma.MS,549,989764932.513,15362253.366999999,1484358017.9440005,39260197.804000005,284,1.5053553360760392,1684.582125568
aps.default,3,0.679,51.504999999999995,52.183,203.284,41,0.01965987289064212,0.392957952
smb.A,597,42643515.996,330730.2599999999,1308954613.031,71851351.53599988,68,5.392504094974956,128.387129344
smb.C,52,85525663.08500001,6030112.566999999,114517281.53699997,4608304.103999999,320,22.42750225976493,1306.19674624
smb.B,373,86625375.45999996,1147403.2449999994,88612046.91400006,4210044.796000004,123,5.463531437657606,296.216326144
smb.E,8,77706795.637,743820.843,79013314.263,2333042.01,1027,230.05319653290792,2431.97753344
smb.D,1,0.044,3.938,3.982,106.40400000000001,480,0.0,0.0
