aps.E,1,544104.492,35844.927,579949.42,24447.336,960,99.9671464173962,129.112317952
intmpi.default,220,6723.423999999996,1829.4969999999992,13667.838999999994,0,1,3.24803710610399,256.318140416
dma.A,7339,7802448812.836007,128077908.11299965,17849457200.349983,479142754.006,144,1.641868789183231,8128.3444736
sma.D,8,117993256.25100002,9757381.576,159126627.80699998,11377123.404000001,321,19.561296581409017,28.652179456
sma.E,4,1869833.8339999998,80560.039,1950393.872,113311.04200000002,1040,85.20234126520157,139.86015232
sma.B,13,4684245.967,181567.139,4870579.898,253744.78,138,5.22288935247718,93.088964608
sma.C,11,756304.604,39177.60300000001,795482.2059999998,39351.168,285,11.770457578411254,106.98549248
sma.A,75,1480979.7309999997,4147.289000000001,181422207.779,21657830.284,54,7.548911273827702,33.415774208
dma.M,91,458290254.512,3650848.8740000003,2751303358.7390003,74190051.47699998,2046,1.0818630756371845,18987.437121536
dma.L,60,5434137.904000001,145185.504,10052793189.39,268550801.81700003,6686,0.6119805145643699,18593.335226368
dma.default,313,157041683.394,829415.4979999997,299481238.28400004,9104161.144000003,85,1.2833968511460587,153.00681728
single.default,230,81577.72099999998,8910.592000000002,256463.323,0,1,2.4233584197983533,73.093492736
smb.A,70,15354391.021999998,341932.0039999999,32361887.398000002,1265458.38,56,3.5711461125911015,168.96976896
smb.C,20,4596841.575999999,25223.209,4622064.782000001,131804.232,320,33.017010029041685,43.102277632
smb.B,21,3469.6710000000003,659.4809999999999,340099005.96,14557382.364000002,154,18.395888954891067,35.2275456
smb.E,3,1547843.815,78972.132,1626815.947,70146.57,1040,117.13162409404474,139.868536832
intsmp.default,221,511.95099999999996,6690.8179999999975,22129496.207999967,0,1,0.0019629816742406906,0.851918848
