SP01APR18-d,0,0,0,0,0,0,0,0,0,1832241144.6759999,19372323.583999995,2370388329.9570003,0,0,0,0,0,0,2370388329.956999,3.8215374223036127
GR02AUG18-d,0,0,0,0,0,0,0,0,0,20019650.408,3248547.7069999995,254082846.80599993,0,0,0,7945.326999999999,681.884,8627.213,254091474.01899996,0.409645991072488
GR03AUG18-d,0,0,0,0,0,0,0,0,0,10142140.497,10240449.979,476518745.82000005,0,0,0,0,0,0,476518745.82000005,0.7682429906383097
CL04APR18-d,0,0,0,0,0,0,0,0,0,134378786.666,6879369.411999997,143792080.96499997,0,0,0,0,0,0,143792080.96500006,0.2318214325872197
XX00SEP18-s,13.494000000000003,76.81500000000001,90.302,9794.387000000006,1245.383,573737.5580000004,4.184999999999997,146.10099999999997,2535858.2170000025,0,0,0,1.4599999999999997,14.318999999999999,15.779,0,0,0,3109701.856000003,0.0050134578645713275
CL09APR18-d,0,0,0,0,0,0,0,0,0,76376316.325,4078137.4939999995,2416103043.269,0,0,0,0,0,0,2416103043.269,3.895238632128107
CL02APR18-d,0,0,0,0,0,0,0,0,0,8359264.51,75144.095,8893885.736000001,0,0,0,0,0,0,8893885.736,0.014338712665883267
GR05APR18-d,0,0,0,0,0,0,0,0,0,870059239.0760001,7612080.953000001,884774257.665,0,0,0,0,0,0,884774257.6650001,1.426432071583408
ZZ00SEP18-d,0,0,0,0,0,0,0,0,0,7179999.491000001,7080.671,7264469.264000001,0,0,0,0,0,0,7264469.2639999995,0.011711769246709884
ZZ00SEP18-s,2834857.2970000003,61302.201,2896159.496,21058703.71600001,814919.8339999991,23125034.942000017,0,0,0,0,0,0,0,0,0,0,0,0,26021194.438000027,0.041951340656347084
SP01APR18-s,0,0,0,79054306.30600002,5593460.762,107532980.98200001,0,0,0,0,0,0,0,0,0,0,0,0,107532980.98200001,0.17336455202765472
GR02APR18-s,0,0,0,2737468.649000002,29907.965000000007,2767376.609000001,0,0,0,0,0,0,0,0,0,0,0,0,2767376.609000001,0.004461561483089578
CL01MAY18-s,70013.27099999996,22.547,70997.88599999994,1464983.1099999999,1138.9600000000003,3926441.89,0,0,0,0,0,0,0,0,0,0,0,0,3997439.776,0.0064446679492663975
GR02MAY18-d,0,0,0,0,0,0,0,0,0,15868528.378999997,110417.92799999999,55271100.324999996,0,0,0,0,0,0,55271100.32499999,0.08910800631039074
CL08APR18-s,93560919.03,797852.925,94358771.955,75926613.142,629665.502,76556278.644,0,0,0,0,0,0,0,0,0,0,0,0,170915050.599,0.275549053985953
GR09APR18-d,0,0,0,0,0,0,0,0,0,48555316.63199999,371498.72000000015,65688042.44,0,0,0,3239.7469999999994,3658.34,13941.651,65701984.091000006,0.10592466548631212
CL01APR18-s,105081.25,16124.498000000003,121205.74700000002,36847.579,1009.096,37856.676,0,0,0,0,0,0,17744.245,6842.826,24587.071,0,0,0,183649.49399999995,0.00029607950943668975
GR10APR18-d,0,0,0,0,0,0,0,0,0,101116452.682,1134142.7539999997,5276622500.315999,0,0,0,1.883,2.6670000000000003,4.551,5276622504.8670025,8.50696491831129
GR04APR18-s,0,0,0,85924809.99100003,956104.5069999996,86880914.496,0,0,0,0,0,0,753.43,877.738,1631.1680000000001,0,0,0,86882545.664,0.14007194323556332
GR07APR18-d,0,0,0,0,0,0,0,0,0,499887602.0489998,8027485.891,535646825.57900006,0,0,0,0,0,0,535646825.5789999,0.8635692148912235
GR12APR18-d,0,0,0,0,0,0,0,0,0,204106.729,5851.795,210496.53,0,0,0,0,0,0,210496.53,0.0003393622709383859
CP02APR16-s,0,0,0,22215692.933999993,138867.24899999998,1224790434.673,0,0,0,0,0,0,0,0,0,0,0,0,1224790434.673,1.9746057729989281
GR04APR18-d,0,0,0,0,0,0,0,0,0,3114944468.2059994,21701456.588,4479314626.741001,0,0,0,0,0,0,4479314626.741,7.221546046285676
CL01AUG18-d,0,0,0,0,0,0,0,0,0,47517065.872,1056536.23,48573602.103,0,0,0,0,0,0,48573602.103,0.07831030714535596
GR03APR18-s,0,0,0,3830116.671000001,79648.45799999998,4269591.707000001,0,0,0,0,0,0,0,0,0,0,0,0,4269591.707000001,0.006883430988944188
CL01APR18-d,0,0,0,0,0,0,0,0,0,3572920558.561,42784021.372,7473784377.568001,0,0,0,0,0,0,7473784377.568001,12.049226839394017
CP03APR18-d,0,0,0,0,0,0,0,0,0,213444676.12500003,80159024.351,373590453.5750001,0,0,0,0,0,0,373590453.5750002,0.6023021126576942
ZZ00AUG18-d,0,0,0,0,0,0,0,0,0,0,0,0,0,0,0,0.051,0.057,0.108,0.108,1.741174795676949e-10
XX00SEP18-d,0,0,0,0,0,0,0,0,0,3499671.679,44937.47300000001,19773228.618000004,0,0,0,0,0,0,19773228.618000016,0.03187837712853683
FS04APR18-d,0,0,0,0,0,0,0,0,0,283826745.27,12605906.393999998,755248934.4530001,0,0,0,0,0,0,755248934.453,1.2176114899365145
CL03NOV18-d,0,0,0,0,0,0,0,0,0,373698072.24399996,2701104.7439999995,376399176.9799999,0,0,0,0,0,0,376399176.9799999,0.606830333399188
CL01MAY18-d,0,0,0,0,0,0,0,0,0,64812.029999999984,354.554,88477.93400000001,0,0,0,0,0,0,88477.93400000001,0.00014264402653182276
GR11APR18-d,0,0,0,0,0,0,0,0,0,8846914072.967999,111934553.54499999,9486665938.294,0,0,0,0,0,0,9486665938.293991,15.294392247004177
CP01APR18-d,0,0,0,0,0,0,0,0,0,4742159.9629999995,487658.29,5459720.385,0,0,0,0,0,0,5459720.385,0.00880215511648671
FS01APR18-d,0,0,0,0,0,0,0,0,0,2240021282.487,13221452.225999998,2254144748.2959995,0,0,0,0,0,0,2254144748.296002,3.634129649574591
GR06APR18-s,0,0,0,0,0,0,0,0,0,0,0,0,1708.449,2179.17,3887.619,0,0,0,3887.619,6.267615016661875e-06
GR02APR18-d,0,0,0,0,0,0,0,0,0,3838418981.1250005,35931270.327,4141821402.694,0,0,0,0,0,0,4141821402.6940002,6.6774398468205005
CL10APR18-d,0,0,0,0,0,0,0,0,0,10.106,1.89,5748357.58,0,0,0,0,0,0,5748357.58,0.009267495680402353
CL02AUG18-d,0,0,0,0,0,0,0,0,0,336421982.027,170801.375,337471344.33299994,0,0,0,0,0,0,337471344.33299994,0.5440709250146634
CP02APR16-d,0,0,0,0,0,0,0,0,0,103562950.37400001,296942.923,103859893.29699999,0,0,0,0,0,0,103859893.29699999,0.16744280415780896
GR03APR18-d,0,0,0,0,0,0,0,0,0,1906638469.94,15947457.418999998,2326996565.717,0,0,0,10420.488000000001,529.0000000000001,10949.487999999998,2327007515.205,3.751598921134991
GR10APR18-s,5238516.3659999985,62859.634999999995,29524512.049,0,0,0,0,0,0,0,0,0,0,0,0,0,0,0,29524512.049,0.04759938540220295
SP02APR18-d,0,0,0,0,0,0,0,0,0,49503374.92000001,619131.5070000001,369806975.6639999,0,0,0,3541.071,1528.064,17080.397,369824056.06099993,0.5962299307855853
GR01APR18-d,0,0,0,0,0,0,0,0,0,1843769211.2730002,15107972.247,2093167267.8949997,0,0,0,476.241,21.443,497.684,2093167765.579,3.3746027375459176
CL01NOV18-d,0,0,0,0,0,0,0,0,0,65220274.626,803034.954,66023309.57999999,0,0,0,0,0,0,66023309.57999999,0.10644270608136336
GR01AUG18-d,0,0,0,0,0,0,0,0,0,0,0,0,0,0,0,4498.98,144.635,4643.615,4643.615,7.486430924840199e-06
GR06APR18-d,0,0,0,0,0,0,0,0,0,151359216.18699998,5302155.827999998,428563631.096,0,0,0,0,0,0,428563631.09599996,0.6909298081556935
GR08APR18-d,0,0,0,0,0,0,0,0,0,626824737.2770001,1892798.4160000007,3871166985.386,0,0,0,0,0,0,3871166985.386,6.241091097047055
GR01SEP18-d,0,0,0,0,0,0,0,0,0,6733603.652000001,222391.463,8793470320.753,0,0,0,0,0,0,8793470320.75301,14.1768230453967
GR01APR18-s,0,0,0,208056.44300000003,2086.381,60598637.5,0,0,0,0,0,0,0,0,0,0,0,0,60598637.5,0.09769705580311482
SP02APR18-s,0,0,0,33957.704,4024.514,37982.218,0,0,0,0,0,0,0,0,0,0,0,0,37982.218,6.123488950509938e-05
