SP01APR18-d,0,0,0,0,0,0,0,0,0,114666405.70600002,1643199.0369999998,124985754.85800001,0,0,0,0,0,0,124985754.858,1.2642443739520712
ZZ00SEP18-d,0,0,0,0,0,0,0,0,0,2248703.0039999997,1206.5419999999997,2479668.643999999,0,0,0,789.8530000000001,11.042,8565.869999999999,2488234.514000002,0.025168760143680635
XX00SEP18-s,1522.0310000000006,101.22899999999997,1623.2659999999998,696.7170000000001,13.530999999999999,710.249,16684.909,1645.873,18330.782,0,0,0,0,0,0,0,0,0,20664.297000000013,0.0002090215901292571
CL09APR18-d,0,0,0,0,0,0,0,0,0,188.42399999999998,559.4079999999999,825205127.7,0,0,0,0,0,0,825205127.7,8.34703875842815
CL02APR18-d,0,0,0,0,0,0,0,0,0,3472849.501,11036.107000000002,3484306.552,0,0,0,0,0,0,3484306.552,0.035244136105710665
GR05APR18-d,0,0,0,0,0,0,0,0,0,5675030.688,38408.868,5713439.556,0,0,0,0,0,0,5713439.556,0.0577920565651237
GR02APR18-d,0,0,0,0,0,0,0,0,0,1430373954.8939998,18504026.899,1670043949.0259998,0,0,0,512.944,21.905,534.848,1670044483.8739998,16.89267985288528
CL04APR18-d,0,0,0,0,0,0,0,0,0,8541382.008,473141.22699999996,9014523.236000001,0,0,0,0,0,0,9014523.236,0.09118287358364309
ZZ00SEP18-s,1252253.7979999995,2631.2070000000003,28848220.516,230394.94299999994,2555.467999999999,35178591.83500001,1039182.9519999998,22249.404000000013,15830097.802999994,0,0,0,0.164,1.386,1.55,0,0,0,79856911.704,0.8077612641350321
SP01APR18-s,0,0,0,49350260.189,4086218.1289999997,100343682.57100001,0,0,0,0,0,0,0,0,0,0,0,0,100343682.57100001,1.0149871583057402
GR02APR18-s,0,0,0,18822.996,396.661,19219.656,0,0,0,0,0,0,0,0,0,0,0,0,19219.656,0.00019440889079639699
XX00SEP18-d,0,0,0,0,0,0,0,0,0,5997913.940000001,12807.062999999998,6060006.258,0,0,0,0,0,0,6060006.257999991,0.06129761608829017
CL01APR18-s,16.454,1.773,18.226,0,0,0,0,0,0,0,0,0,0,0,0,0,0,0,18.226,1.8435795331899446e-07
GR10APR18-d,0,0,0,0,0,0,0,0,0,115103387.48699999,101824.48700000001,1679079382.242,0,0,0,0,0,0,1679079382.2419996,16.984068823123923
GR04APR18-s,0,0,0,2812869.8799999994,4532.913999999999,2842074.294,0,0,0,0,0,0,0,0,0,0,0,0,2842074.294,0.028747887634278844
GR07APR18-d,0,0,0,0,0,0,0,0,0,19042620.569000002,143068.394,19678200.326,0,0,0,0,0,0,19678200.326,0.19904711604864095
CP08APR19-d,0,0,0,0,0,0,0,0,0,0.001,0.01,0.02,0,0,0,0,0,0,0.02,2.0230215441566387e-10
GR04APR18-d,0,0,0,0,0,0,0,0,0,603962538.597,5296572.381000001,837839159.8240001,0,0,0,0,0,0,837839159.8239999,8.474833354310245
GR10APR18-s,0.11199999999999999,0.186,9726502.79,0,0,0,0,0,0,0,0,0,0,0,0,0,0,0,9726502.79,0.09838462346734825
CL01APR18-d,0,0,0,0,0,0,0,0,0,8.154,10.754999999999999,1812638.9100000001,0,0,0,0,0,0,1812638.9100000001,0.018335037833533033
ZZ00AUG18-d,0,0,0,0,0,0,0,0,0,0,0,0,0,0,0,0.2,0.24,0.43999999999999995,0.43999999999999995,4.4506473971446045e-09
GR01APR19-d,0,0,0,0,0,0,0,0,0,13097120.471,244542.82899999997,13341663.302,0,0,0,0,0,0,13341663.302,0.13495236147414996
FS04APR18-d,0,0,0,0,0,0,0,0,0,29.719,82.495,112.214,0,0,0,0,0,0,112.214,1.1350566977799652e-06
CL01MAR19-d,0,0,0,0,0,0,0,0,0,4270143.932,35643.736999999994,4305832.463,0,0,0,0,0,0,4305832.4629999995,0.04355395919089021
CP05APR19-d,0,0,0,0,0,0,0,0,0,0.004,0.025,0.029,0,0,0,0,0,0,0.028999999999999998,2.9333812390271257e-10
GR11APR18-d,0,0,0,0,0,0,0,0,0,1459443305.736,29317150.695999995,1544427307.8780003,0,0,0,0,0,0,1544427307.8780005,15.622048586105164
FS01APR18-d,0,0,0,0,0,0,0,0,0,113658350.062,939558.8049999999,114599286.08199999,0,0,0,0,0,0,114599286.08200002,1.1591841234442801
GR03APR18-d,0,0,0,0,0,0,0,0,0,290324403.076,1955463.913,292281159.99,0,0,0,6108.3099999999995,55.88,6164.191000000001,292287324.18100005,2.9565177695102935
CL01SEP18-d,0,0,0,0,0,0,0,0,0,25158375.297999997,153645.00400000002,25342886.535,0,0,0,0,0,0,25342886.535,0.2563460272571109
GR03APR19-d,0,0,0,0,0,0,0,0,0,42053289.10599999,476925.6990000001,42593620.57,0,0,0,0,0,0,42593620.56999999,0.4308390602837167
GR06APR18-s,0,0,0,0,0,0,0,0,0,0,0,0,57.428,81.761,139.189,0,0,0,139.189,1.4079117285480916e-06
SP02APR18-d,0,0,0,0,0,0,0,0,0,54639533.96,906506.3560000001,178155030.417,0,0,0,184.713,298.44,483.15099999999995,178155513.56800002,1.8020622107917716
CL01NOV18-d,0,0,0,0,0,0,0,0,0,16291819.769000001,217370.546,16509190.315000001,0,0,0,0,0,0,16509190.315000001,0.1669922384191356
GR06APR18-d,0,0,0,0,0,0,0,0,0,5448561.576,136351.249,28574325.822000008,0,0,0,0,0,0,28574325.822000016,0.2890323837382869
GR08APR18-d,0,0,0,0,0,0,0,0,0,162404.994,2560.262,2247848039.046,0,0,0,0,0,0,2247848039.0459995,22.73722505490155
GR01SEP18-d,0,0,0,0,0,0,0,0,0,2368.798999999999,154.546,2523.3489999999983,0,0,0,0,0,0,2523.3489999999983,2.552394695213053e-05
SP02APR18-s,0.082,0.064,0.15,0,0,0,0,0,0,0,0,0,10.039,73.407,83.445,0,0,0,83.595,8.455724299188709e-07
