SP01APR18-d,20000.0,19160.311260833332,19160.311260833332,0,95.80
GR03AUG18-d,20000.0,5892.11862277778,5892.11862277778,0,29.46
GR03AUG18-s,0.0,0,0,0,0.00
SP01APR18-s,20000.0,4956.290357291666,4956.184639999999,0.10571729166666666,24.78
CL03APR18-s,50.0,0,0,0,0.00
CL03APR18-d,100.0,999.7896877777779,999.7896877777779,0,999.79
ZZ00AUG18-s,100.0,0,0,0,0.00
CP02JUN18-d,10000.0,665.0029127777779,665.0029127777779,0,6.65
FS01APR18-s,0.0,0,0,0,0.00
FS01APR18-d,63000.0,22732.316327777775,22732.316327777775,0,36.08
CP02JUN18-s,10000.0,0,0,0,0.00
GR01APR18-d,10000.0,16118.623755555558,16118.623755555558,0,161.19
GR01SEP18-s,0.0,0,0,0,0.00
GR01SEP18-d,24000.0,36456.428100178244,36456.426079715275,0.0020204629629629626,151.90
GR01APR18-s,100.0,400.26065722222233,400.26065722222233,0,400.26
GR02MAY18-s,50.0,0,0,0,0.00
CL01MAY18-d,50.0,0.0003251736111111111,0.0003251736111111111,0,0.00
CL02APR18-d,125.0,614.8702002222221,614.8702002222221,0,491.90
GR05APR18-d,60000.0,16746.53328314815,16746.53295805556,0.0003250925925925926,27.91
CP01SEP18-d,10000.0,0.7500200555555556,0.7500200555555556,0,0.01
CL01NOV18-d,1000.0,0,0,0,0.00
CP01SEP18-s,0.0,0,0,0,0.00
GR05APR18-s,20000.0,0,0,0,0.00
CL02APR18-s,0.0,389.0209083333333,389.0209083333333,0,0.00
CL09APR18-s,0.0,0,0,0,0.00
GR02MAY18-d,1000.0,663.4285461805553,663.4285461805553,0,66.34
CL08APR18-s,1000.0,0,0,0,0.00
FS02APR18-d,1000.0,3822.6749855555536,3822.6749855555536,0,382.27
GR09APR18-d,30000.0,1660.7419677500006,1660.7419677500006,0,5.54
GR04APR18-s,200.0,674.7881727777777,674.7881727777777,0,337.39
FS04APR18-s,0.0,0,0,0,0.00
FS03APR18-s,5.0,0,0,0,0.00
FS06APR18-d,1000.0,1804.582932222222,1804.582932222222,0,180.46
CL05APR18-s,0.0,0,0,0,0.00
GR04APR18-d,10000.0,24129.777275000008,24129.777275000008,0,241.30
GR09APR18-s,10000.0,0,0,0,0.00
FS02APR18-s,0.0,0,0,0,0.00
CL08APR18-d,2000.0,0.019642631172839504,0,0.019642631172839504,0.00
CL05APR18-d,3.0,0,0,0,0.00
FS06APR18-s,0.0,0,0,0,0.00
FS03APR18-d,0.0,0,0,0,0.00
FS04APR18-d,2000.0,1125.7168777777777,1125.7168777777777,0,56.29
FS05APR18-s,0.0,0,0,0,0.00
CL02AUG18-s,0.0,0,0,0,0.00
FS05APR18-d,1000.0,0,0,0,0.00
CL01NOV18-s,100.0,0,0,0,0.00
CL02AUG18-d,1000.0,7617.209147520833,7617.209147520833,0,761.72
GR08APR18-s,0.0,0,0,0,0.00
CL03NOV18-s,100.0,0,0,0,0.00
GR08APR18-d,25000.0,32628.59379,32628.59379,0,130.51
CL04APR18-d,150.0,115.71147916666665,115.71147916666665,0,77.14
GR02AUG18-d,40000.0,21444.015663487662,21443.844012777783,0.17165070987654316,53.61
GR02APR18-d,1000.0,12027.356851944442,12027.356851944442,0,1202.74
CL04APR18-s,50.0,0,0,0,0.00
GR02APR18-s,20.0,1590.424928888889,1590.424928888889,0,7952.12
CP03APR18-s,0.0,0,0,0,0.00
GR10APR18-d,25000.0,46091.763376086434,46091.75825355556,0.005122530864197531,184.37
GR07APR18-d,20000.0,27.919877947530868,27.902357499999997,0.017520447530864198,0.14
GR10APR18-s,5000.0,3534.9723422222214,3534.9723422222214,0,70.70
CP03APR18-d,50000.0,8911.1921111111,8911.1921111111,0,17.82
GR07APR18-s,5000.0,0,0,0,0.00
CP01MAY18-s,500.0,0,0,0,0.00
CL09APR18-d,500.0,7439.866257222226,7439.866257222226,0,1487.97
CL01SEP18-s,0.0,0,0,0,0.00
GR11APR18-d,60000.0,55274.81340822917,55274.81340822917,0,92.12
CP01APR18-d,1000.0,173.60136805555555,173.60136805555555,0,17.36
GR11APR18-s,0.0,0,0,0,0.00
GR03APR18-d,8000.0,4279.446713942901,4279.439375555555,0.0073383873456790115,53.49
CL01SEP18-d,15000.0,652.2344344444444,652.2344344444444,0,4.35
ZZ00AUG18-d,100.0,1.492620547839506,1.4925999999999997,2.054783950617284e-05,1.49
CP01JUN18-s,0.0,0,0,0,0.00
GR01AUG18-s,250.0,0,0,0,0.00
CP02APR18-s,0.0,0,0,0,0.00
GR01AUG18-d,250.0,0.06434448302469135,0,0.06434448302469135,0.03
CP01JUN18-d,0.0,0,0,0,0.00
CP02APR18-d,2000.0,265.9347611111111,265.9347611111111,0,13.30
CL06APR18-d,15.0,0,0,0,0.00
GR02AUG18-s,0.0,2231.9996661111113,2231.9996661111113,0,0.00
XX00SEP18-s,100.0,34.34112000000001,34.34112000000001,0,34.34
CL07APR18-s,0.0,0,0,0,0.00
CL02NOV18-d,2000.0,10.451510277777777,10.451510277777777,0,0.52
CL06APR18-s,0.0,4.236983333333333,4.236983333333333,0,0.00
CL02NOV18-s,500.0,0,0,0,0.00
CL07APR18-d,100.0,0,0,0,0.00
XX00SEP18-d,100.0,811.6122078055554,811.6122067638886,1.0416666666666667e-06,811.61
CL01MAY18-s,200.0,408.2648438888893,408.2648438888893,0,204.13
CL01AUG18-s,100.0,46.26320111111111,46.26320111111111,0,46.26
GR01MAY18-s,0.0,0,0,0,0.00
GR12APR18-d,100.0,0,0,0,0.00
CP01APR18-s,0.0,0,0,0,0.00
CP02APR16-s,1300.0,17144.06553777777,17144.06553777777,0,1318.77
CL01AUG18-d,500.0,803.9393087986114,803.6607888680556,0.2785199305555555,160.79
GR03APR18-s,300.0,32.97694222222223,32.97694222222223,0,10.99
CL01APR18-d,1000.0,1.5568266666666666,1.5568266666666666,0,0.16
CP02APR16-d,200.0,1007.9241888888886,1007.9241888888886,0,503.96
GR12APR18-s,100.0,0,0,0,0.00
GR01MAY18-d,500.0,0,0,0,0.00
CL03NOV18-d,2000.0,0.0009094444444444443,0.0009094444444444443,0,0.00
YG01APR18-s,50.0,0,0,0,0.00
CL10APR18-s,0.0,0,0,0,0.00
CP05APR18-d,1000.0,0,0,0,0.00
CL01APR18-s,0.0,1.5547839506172843e-05,0,1.5547839506172843e-05,0.00
CP05APR18-s,1000.0,0,0,0,0.00
CL10APR18-d,5.0,54.19753722222221,54.19753722222221,0,1083.95
YG01APR18-d,2000.0,1695.7315186111114,1695.7315186111114,0,84.79
CP04APR18-s,1000.0,0,0,0,0.00
CP01MAY18-d,1000.0,372.55980461419756,372.22254583333336,0.3372587808641975,37.26
GR06APR18-s,10000.0,74.5238592824074,74.34369444444445,0.18016483796296298,0.75
SP02APR18-d,185.0,10514.802532456806,10514.15911018057,0.6434222762345679,5683.68
GR06APR18-d,30000.0,6416.364226350305,6414.702050555553,1.6621757947530864,21.39
CP04APR18-d,4000.0,0,0,0,0.00
SP02APR18-s,195.0,370.74824581018527,370.7447605555556,0.0034852546296296294,190.13
