SP01APR18-d,20000.0,5479.422627515432,5479.417630833332,0.004996682098765431,27.40
GR03AUG18-d,20000.0,0.054154166666666656,0.054154166666666656,0,0.00
GR03AUG18-s,0.0,0,0,0,0.00
SP01APR18-s,20000.0,4049.2772105555564,4049.2772105555564,0,20.25
CL03APR18-s,50.0,0,0,0,0.00
CL03APR18-d,100.0,1756.9291583333331,1756.9291583333331,0,1756.93
ZZ00AUG18-s,100.0,0,0,0,0.00
CP02JUN18-d,10000.0,667.0238866666666,667.0238866666666,0,6.67
FS01APR18-s,0.0,0,0,0,0.00
FS01APR18-d,63000.0,3196.898725833335,3196.898725833335,0,5.07
CP02JUN18-s,10000.0,0,0,0,0.00
GR01APR18-d,10000.0,1333.7314498765434,1333.7305247222223,0.0009251543209876544,13.34
GR01SEP18-s,0.0,0,0,0,0.00
GR01SEP18-d,24000.0,0,0,0,0.00
GR01APR18-s,100.0,0,0,0,0.00
GR02MAY18-s,50.0,0,0,0,0.00
CL01MAY18-d,50.0,1.346440555555556,1.346440555555556,0,2.69
CL02APR18-d,125.0,283.6628523919753,283.6628508333333,1.5586419753086422e-06,226.93
GR05APR18-d,60000.0,12288.067859405866,12288.064041388892,0.0038180169753086416,20.48
CP01SEP18-d,10000.0,0,0,0,0.00
CL01NOV18-d,1000.0,0,0,0,0.00
CP01SEP18-s,0.0,0,0,0,0.00
GR05APR18-s,20000.0,209.72206959876542,40.00145833333333,169.7206112654321,1.05
CL02APR18-s,0.0,115.95676944444445,115.95676944444445,0,0.00
CL09APR18-s,0.0,2.512595555555556,2.512595555555556,0,0.00
GR02MAY18-d,1000.0,0.00032199845679012346,0.0003197222222222222,2.276234567901234e-06,0.00
CL08APR18-s,1000.0,0,0,0,0.00
FS02APR18-d,1000.0,5309.0565822222225,5309.0565822222225,0,530.91
GR09APR18-d,30000.0,514.9099338425923,514.9032744444442,0.006659398148148149,1.72
GR04APR18-s,200.0,0,0,0,0.00
FS04APR18-s,0.0,0,0,0,0.00
FS03APR18-s,5.0,0,0,0,0.00
FS06APR18-d,1000.0,0,0,0,0.00
CL05APR18-s,0.0,0,0,0,0.00
GR04APR18-d,10000.0,65.06806583333334,65.06806583333334,0,0.65
GR09APR18-s,10000.0,0,0,0,0.00
FS02APR18-s,0.0,0,0,0,0.00
CL08APR18-d,2000.0,0.007463611111111111,0,0.007463611111111111,0.00
CL05APR18-d,3.0,0,0,0,0.00
FS06APR18-s,0.0,0,0,0,0.00
FS03APR18-d,0.0,0,0,0,0.00
FS04APR18-d,2000.0,1328.5970472222223,1328.5970472222223,0,66.43
FS05APR18-s,0.0,0,0,0,0.00
CL02AUG18-s,0.0,0,0,0,0.00
FS05APR18-d,1000.0,0,0,0,0.00
CL01NOV18-s,100.0,0,0,0,0.00
CL02AUG18-d,1000.0,0,0,0,0.00
GR08APR18-s,0.0,0,0,0,0.00
CL03NOV18-s,100.0,0,0,0,0.00
GR08APR18-d,25000.0,4416.114673888889,4416.114673888889,0,17.66
CL04APR18-d,150.0,200.88237078703708,200.87905638888893,0.0033143981481481483,133.92
GR02AUG18-d,40000.0,107.30974361111113,107.30974361111113,0,0.27
GR02APR18-d,1000.0,75.83372922839506,75.8337138888889,1.5339506172839506e-05,7.58
CL04APR18-s,50.0,0,0,0,0.00
GR02APR18-s,20.0,67.84133111111112,67.84133111111112,0,339.21
CP03APR18-s,0.0,0,0,0,0.00
GR10APR18-d,25000.0,85218.15644683487,85218.13907952777,0.017367307098765432,340.87
GR07APR18-d,20000.0,478.011264826389,478.011264826389,0,2.39
GR10APR18-s,5000.0,5968.624368580247,5967.819466111111,0.8049024691358031,119.37
CP03APR18-d,50000.0,3664.4557402777787,3664.4557402777787,0,7.33
GR07APR18-s,5000.0,0,0,0,0.00
CP01MAY18-s,500.0,0,0,0,0.00
CL09APR18-d,500.0,25991.58295638889,25991.58295638889,0,5198.32
CL01SEP18-s,0.0,0,0,0,0.00
GR11APR18-d,60000.0,55128.57180913732,55128.5708822083,0.0009269290123456789,91.88
CP01APR18-d,1000.0,0.16954805555555555,0.16954805555555555,0,0.02
GR11APR18-s,0.0,0,0,0,0.00
GR03APR18-d,8000.0,341.25884518827166,341.2522393472222,0.006605841049382717,4.27
CL01SEP18-d,15000.0,0,0,0,0.00
ZZ00AUG18-d,100.0,0,0,0,0.00
CP01JUN18-s,0.0,0,0,0,0.00
GR01AUG18-s,250.0,0,0,0,0.00
CP02APR18-s,0.0,0,0,0,0.00
GR01AUG18-d,250.0,0,0,0,0.00
CP01JUN18-d,0.0,0,0,0,0.00
CP02APR18-d,2000.0,0.4670243055555556,0.4670243055555556,0,0.02
CL06APR18-d,15.0,0,0,0,0.00
GR02AUG18-s,0.0,0,0,0,0.00
XX00SEP18-s,100.0,0,0,0,0.00
CL07APR18-s,0.0,0,0,0,0.00
CL02NOV18-d,2000.0,0,0,0,0.00
CL06APR18-s,0.0,0,0,0,0.00
CL02NOV18-s,500.0,0,0,0,0.00
CL07APR18-d,100.0,0,0,0,0.00
XX00SEP18-d,100.0,0,0,0,0.00
CL01MAY18-s,200.0,203.0448772222222,203.0448772222222,0,101.52
CL01AUG18-s,100.0,0,0,0,0.00
GR01MAY18-s,0.0,0,0,0,0.00
GR12APR18-d,100.0,0.00841391975308642,0,0.00841391975308642,0.01
CP01APR18-s,0.0,0,0,0,0.00
CP02APR16-s,1300.0,3160.312245555556,3160.312245555556,0,243.10
CL01AUG18-d,500.0,0,0,0,0.00
GR03APR18-s,300.0,0.036824398148148155,0,0.036824398148148155,0.01
CL01APR18-d,1000.0,0.032842993827160494,0.028975555555555553,0.0038674382716049386,0.00
CP02APR16-d,200.0,1.4969135802469139e-06,0,1.4969135802469139e-06,0.00
GR12APR18-s,100.0,2.7993827160493824e-05,0,2.7993827160493824e-05,0.00
GR01MAY18-d,500.0,0,0,0,0.00
CL03NOV18-d,2000.0,0,0,0,0.00
YG01APR18-s,50.0,0,0,0,0.00
CL10APR18-s,0.0,0,0,0,0.00
CP05APR18-d,1000.0,0,0,0,0.00
CL01APR18-s,0.0,0,0,0,0.00
CP05APR18-s,1000.0,0,0,0,0.00
CL10APR18-d,5.0,16.961827299382715,16.95991888888889,0.0019084104938271605,339.24
YG01APR18-d,2000.0,116.08939761882714,116.07994531944442,0.00945229938271605,5.80
CP04APR18-s,1000.0,0,0,0,0.00
CP01MAY18-d,1000.0,11541.657281805552,11541.654808263886,0.002473541666666667,1154.17
GR06APR18-s,10000.0,0.1898623070987654,0,0.1898623070987654,0.00
SP02APR18-d,185.0,5692.658980459877,5692.639111069445,0.019869390432098767,3077.11
GR06APR18-d,30000.0,4185.3803637283945,4185.374797763889,0.0055659645061728385,13.95
CP04APR18-d,4000.0,0,0,0,0.00
SP02APR18-s,195.0,2.411297222222222,2.411297222222222,0,1.24
