SP01APR18-d,20000.0,3902.8328474135806,3902.832653486111,0.00019392746913580243,19.51
GR03AUG18-d,20000.0,3505.8203024999966,3505.8203024999966,0,17.53
GR03AUG18-s,0.0,0,0,0,0.00
SP01APR18-s,20000.0,420.0241185262346,420.02332,0.0007985262345679012,2.10
CL03APR18-s,50.0,0,0,0,0.00
CL03APR18-d,100.0,1522.5382000694447,1522.5382000694447,0,1522.54
ZZ00AUG18-s,100.0,1.5084876543209877e-05,0,1.5084876543209877e-05,0.00
CP02JUN18-d,10000.0,1182.0708616666666,1182.0708616666666,0,11.82
FS01APR18-s,0.0,0,0,0,0.00
FS01APR18-d,63000.0,6711.102796944453,6711.102796944453,0,10.65
CP02JUN18-s,10000.0,0,0,0,0.00
GR01APR18-d,10000.0,4639.610297060184,4639.608451944444,0.001845115740740741,46.40
GR01SEP18-s,0.0,0,0,0,0.00
GR01SEP18-d,24000.0,38951.66855416667,38951.66855416667,0,162.30
GR01APR18-s,100.0,1.7848566666666668,1.7848561111111112,5.555555555555556e-07,1.78
GR02MAY18-s,50.0,0,0,0,0.00
CL01MAY18-d,50.0,1.8658023541666666,1.8658023541666666,0,3.73
CL02APR18-d,125.0,457.2557051180557,457.2557051180557,0,365.80
GR05APR18-d,60000.0,30928.660079444446,30928.660079444446,0,51.55
CP01SEP18-d,10000.0,0.030021256944444446,0.030021256944444446,0,0.00
CL01NOV18-d,1000.0,0,0,0,0.00
CP01SEP18-s,0.0,0,0,0,0.00
GR05APR18-s,20000.0,0,0,0,0.00
CL02APR18-s,0.0,656.7166799999999,656.7166799999999,0,0.00
CL09APR18-s,0.0,0,0,0,0.00
GR02MAY18-d,1000.0,86.17890490277777,86.17890490277777,0,8.62
CL08APR18-s,1000.0,4935.0877061111105,4935.0877061111105,0,493.51
FS02APR18-d,1000.0,19808.862794722234,19808.862794722234,0,1980.89
GR09APR18-d,30000.0,372.0310916666662,372.0310916666662,0,1.24
GR04APR18-s,200.0,291.39932326388885,291.39902444444436,0.00029881944444444444,145.70
FS04APR18-s,0.0,0,0,0,0.00
FS03APR18-s,5.0,0,0,0,0.00
FS06APR18-d,1000.0,0,0,0,0.00
CL05APR18-s,0.0,0,0,0,0.00
GR04APR18-d,10000.0,12343.680627222218,12343.680627222218,0,123.44
GR09APR18-s,10000.0,0,0,0,0.00
FS02APR18-s,0.0,0,0,0,0.00
CL08APR18-d,2000.0,0.0013330555555555556,0,0.0013330555555555556,0.00
CL05APR18-d,3.0,0,0,0,0.00
FS06APR18-s,0.0,0,0,0,0.00
FS03APR18-d,0.0,0,0,0,0.00
FS04APR18-d,2000.0,2081.754031666667,2081.754031666667,0,104.09
FS05APR18-s,0.0,0,0,0,0.00
CL02AUG18-s,0.0,0,0,0,0.00
FS05APR18-d,1000.0,0,0,0,0.00
CL01NOV18-s,100.0,0,0,0,0.00
CL02AUG18-d,1000.0,0,0,0,0.00
GR08APR18-s,0.0,0,0,0,0.00
CL03NOV18-s,100.0,0,0,0,0.00
GR08APR18-d,25000.0,14768.454281111111,14768.454281111111,0,59.07
CL04APR18-d,150.0,100.19403250000002,100.19403250000002,0,66.80
GR02AUG18-d,40000.0,5078.284490285493,5078.225051944443,0.059438341049382726,12.70
GR02APR18-d,1000.0,258.63353222222236,258.63353222222236,0,25.86
CL04APR18-s,50.0,0,0,0,0.00
GR02APR18-s,20.0,0,0,0,0.00
CP03APR18-s,0.0,0,0,0,0.00
GR10APR18-d,25000.0,116657.88191392903,116657.87087186113,0.011042067901234569,466.63
GR07APR18-d,20000.0,0,0,0,0.00
GR10APR18-s,5000.0,8741.196232708335,8741.19618,5.270833333333334e-05,174.82
CP03APR18-d,50000.0,9363.204358888883,9363.204358888883,0,18.73
GR07APR18-s,5000.0,0,0,0,0.00
CP01MAY18-s,500.0,0,0,0,0.00
CL09APR18-d,500.0,17152.600274722223,17152.600274722223,0,3430.52
CL01SEP18-s,0.0,0,0,0,0.00
GR11APR18-d,60000.0,57291.80676602084,57291.80676602084,0,95.49
CP01APR18-d,1000.0,801.9515642399691,801.8109317708333,0.14063246913580246,80.20
GR11APR18-s,0.0,0,0,0,0.00
GR03APR18-d,8000.0,90.72282510030865,90.72282333333334,1.7669753086419751e-06,1.13
CL01SEP18-d,15000.0,326.6225297299385,326.6225136111113,1.611882716049383e-05,2.18
ZZ00AUG18-d,100.0,4.131944444444444e-05,0,4.131944444444444e-05,0.00
CP01JUN18-s,0.0,0,0,0,0.00
GR01AUG18-s,250.0,0,0,0,0.00
CP02APR18-s,0.0,0,0,0,0.00
GR01AUG18-d,250.0,0,0,0,0.00
CP01JUN18-d,0.0,0,0,0,0.00
CP02APR18-d,2000.0,5.491013611111112,5.491013611111112,0,0.27
CL06APR18-d,15.0,0,0,0,0.00
GR02AUG18-s,0.0,0,0,0,0.00
XX00SEP18-s,100.0,98.05097473765429,98.0509672222222,7.515432098765432e-06,98.05
CL07APR18-s,0.0,0,0,0,0.00
CL02NOV18-d,2000.0,0,0,0,0.00
CL06APR18-s,0.0,0,0,0,0.00
CL02NOV18-s,500.0,0,0,0,0.00
CL07APR18-d,100.0,0,0,0,0.00
XX00SEP18-d,100.0,707.8341992692905,707.8341457430558,5.3526234567901224e-05,707.83
CL01MAY18-s,200.0,1451.78065,1451.78065,0,725.89
CL01AUG18-s,100.0,0,0,0,0.00
GR01MAY18-s,0.0,0,0,0,0.00
GR12APR18-d,100.0,0,0,0,0.00
CP01APR18-s,0.0,0.19179557870370367,0,0.19179557870370367,0.00
CP02APR16-s,1300.0,4052.0917422222224,4052.0917422222224,0,311.70
CL01AUG18-d,500.0,0,0,0,0.00
GR03APR18-s,300.0,111.65492033179014,111.654915,5.331790123456791e-06,37.22
CL01APR18-d,1000.0,4612.397906666666,4612.397906666666,0,461.24
CP02APR16-d,200.0,46.132081666666664,46.132081666666664,0,23.07
GR12APR18-s,100.0,0,0,0,0.00
GR01MAY18-d,500.0,0,0,0,0.00
CL03NOV18-d,2000.0,0,0,0,0.00
YG01APR18-s,50.0,0,0,0,0.00
CL10APR18-s,0.0,610.0061294444445,610.0061294444445,0,0.00
CP05APR18-d,1000.0,0,0,0,0.00
CL01APR18-s,0.0,2.4992283950617282e-05,0,2.4992283950617282e-05,0.00
CP05APR18-s,1000.0,0,0,0,0.00
CL10APR18-d,5.0,513.2202544444445,513.2202544444445,0,10264.41
YG01APR18-d,2000.0,826.3924459444444,826.2190998333333,0.17334611111111112,41.32
CP04APR18-s,1000.0,0,0,0,0.00
CP01MAY18-d,1000.0,1456.8720980555556,1456.8720980555556,0,145.69
GR06APR18-s,10000.0,0.0009596604938271605,0,0.0009596604938271605,0.00
SP02APR18-d,185.0,11900.412199012344,11900.411102430553,0.0010965817901234566,6432.66
GR06APR18-d,30000.0,8970.74670638889,8970.061328055559,0.6853783333333335,29.90
CP04APR18-d,4000.0,0,0,0,0.00
SP02APR18-s,195.0,8.077832608024691,8.021726666666668,0.05610594135802469,4.14
