SP01APR18-d,20000.0,34613.65862416667,34613.65862416667,0,173.07
GR03AUG18-d,20000.0,3716.086438333336,3716.086438333336,0,18.58
GR03AUG18-s,0.0,0,0,0,0.00
SP01APR18-s,20000.0,0,0,0,0.00
CL03APR18-s,50.0,0,0,0,0.00
CL03APR18-d,100.0,1172.9655205555557,1172.9655205555557,0,1172.97
ZZ00AUG18-s,100.0,1.760030864197531e-05,0,1.760030864197531e-05,0.00
CP02JUN18-d,10000.0,0,0,0,0.00
FS01APR18-s,0.0,0,0,0,0.00
FS01APR18-d,63000.0,43539.881685,43539.881685,0,69.11
CP02JUN18-s,10000.0,0,0,0,0.00
GR01APR18-d,10000.0,16229.674791195988,16229.67478888889,2.307098765432099e-06,162.30
GR01SEP18-s,0.0,0,0,0,0.00
GR01SEP18-d,24000.0,8579.028796704473,8579.010150493055,0.018646211419753086,35.75
GR01APR18-s,100.0,87.97751666666666,87.97751666666666,0,87.98
GR02MAY18-s,50.0,0,0,0,0.00
CL01MAY18-d,50.0,0.17878145138888885,0.17878145138888885,0,0.36
CL02APR18-d,125.0,2540.981468916667,2540.981468916667,0,2032.79
GR05APR18-d,60000.0,18992.7620592747,18992.761819444455,0.00023983024691358028,31.65
CP01SEP18-d,10000.0,0.06080890972222223,0.06080890972222223,0,0.00
CL01NOV18-d,1000.0,0,0,0,0.00
CP01SEP18-s,0.0,0,0,0,0.00
GR05APR18-s,20000.0,0,0,0,0.00
CL02APR18-s,0.0,840.7219699999999,840.7219699999999,0,0.00
CL09APR18-s,0.0,0,0,0,0.00
GR02MAY18-d,1000.0,110.19623065277781,110.19623065277781,0,11.02
CL08APR18-s,1000.0,817.8073205555555,817.8073205555555,0,81.78
FS02APR18-d,1000.0,3750.6154445902785,3750.6154445902785,0,375.06
GR09APR18-d,30000.0,904.2981439236111,904.2981439236111,0,3.01
GR04APR18-s,200.0,1004.6151309953711,1004.5120250000008,0.10310599537037037,502.31
FS04APR18-s,0.0,0,0,0,0.00
FS03APR18-s,5.0,0,0,0,0.00
FS06APR18-d,1000.0,14606.092291944451,14606.092291944451,0,1460.61
CL05APR18-s,0.0,0,0,0,0.00
GR04APR18-d,10000.0,27866.889539444444,27866.889539444444,0,278.67
GR09APR18-s,10000.0,0,0,0,0.00
FS02APR18-s,0.0,0,0,0,0.00
CL08APR18-d,2000.0,0.14303730709876544,0,0.14303730709876544,0.01
CL05APR18-d,3.0,0,0,0,0.00
FS06APR18-s,0.0,0,0,0,0.00
FS03APR18-d,0.0,0,0,0,0.00
FS04APR18-d,2000.0,3502.4853251226846,3502.0923921597214,0.39293296296296293,175.12
FS05APR18-s,0.0,0,0,0,0.00
CL02AUG18-s,0.0,0,0,0,0.00
FS05APR18-d,1000.0,1252.8209475,1252.8209475,0,125.28
CL01NOV18-s,100.0,0,0,0,0.00
CL02AUG18-d,1000.0,9761.293416020833,9761.293416020833,0,976.13
GR08APR18-s,0.0,0,0,0,0.00
CL03NOV18-s,100.0,0,0,0,0.00
GR08APR18-d,25000.0,19968.464399999997,19968.464399999997,0,79.87
CL04APR18-d,150.0,178.2738008641976,178.27378388888894,1.6975308641975312e-05,118.85
GR02AUG18-d,40000.0,42948.171919845656,42947.23589583332,0.936024012345679,107.37
GR02APR18-d,1000.0,18938.248095277773,18938.248095277773,0,1893.82
CL04APR18-s,50.0,0,0,0,0.00
GR02APR18-s,20.0,108.85774222222219,108.85774222222219,0,544.29
CP03APR18-s,0.0,0,0,0,0.00
GR10APR18-d,25000.0,27158.75648248613,27158.75534352779,0.0011389583333333332,108.64
GR07APR18-d,20000.0,1969.3562702986098,1969.3562702986098,0,9.85
GR10APR18-s,5000.0,2800.0379955555554,2800.0379955555554,0,56.00
CP03APR18-d,50000.0,32842.3697283333,32842.3697283333,0,65.68
GR07APR18-s,5000.0,0,0,0,0.00
CP01MAY18-s,500.0,0.16476777777777776,0.16476777777777776,0,0.03
CL09APR18-d,500.0,18006.142208055557,18006.142208055557,0,3601.23
CL01SEP18-s,0.0,0,0,0,0.00
GR11APR18-d,60000.0,52771.22554521523,52771.22554521523,0,87.95
CP01APR18-d,1000.0,1261.5439941666666,1261.5439941666666,0,126.15
GR11APR18-s,0.0,0,0,0,0.00
GR03APR18-d,8000.0,7055.2074111111115,7055.2074111111115,0,88.19
CL01SEP18-d,15000.0,2248.06508361111,2248.06508361111,0,14.99
ZZ00AUG18-d,100.0,0.03123000771604938,0.031221666666666665,8.34104938271605e-06,0.03
CP01JUN18-s,0.0,0,0,0,0.00
GR01AUG18-s,250.0,0,0,0,0.00
CP02APR18-s,0.0,0,0,0,0.00
GR01AUG18-d,250.0,0.0064582561728395065,0,0.0064582561728395065,0.00
CP01JUN18-d,0.0,0,0,0,0.00
CP02APR18-d,2000.0,0,0,0,0.00
CL06APR18-d,15.0,0,0,0,0.00
GR02AUG18-s,0.0,2227.9891583333333,2227.9891583333333,0,0.00
XX00SEP18-s,100.0,1272.5901514351851,1272.5901377777777,1.3657407407407406e-05,1272.59
CL07APR18-s,0.0,0,0,0,0.00
CL02NOV18-d,2000.0,833.3829405555555,833.3829405555555,0,41.67
CL06APR18-s,0.0,7.217933333333334,7.217933333333334,0,0.00
CL02NOV18-s,500.0,0,0,0,0.00
CL07APR18-d,100.0,0,0,0,0.00
XX00SEP18-d,100.0,4230.508732777777,4230.508732777777,0,4230.51
CL01MAY18-s,200.0,21.211945000000007,21.211945000000007,0,10.61
CL01AUG18-s,100.0,0,0,0,0.00
GR01MAY18-s,0.0,0,0,0,0.00
GR12APR18-d,100.0,0,0,0,0.00
CP01APR18-s,0.0,0,0,0,0.00
CP02APR16-s,1300.0,27622.55355777779,27622.55355777779,0,2124.81
CL01AUG18-d,500.0,3885.552786152778,3885.552786152778,0,777.11
GR03APR18-s,300.0,35.86383444444445,35.86383444444445,0,11.95
CL01APR18-d,1000.0,1716.5887847222223,1716.5887847222223,0,171.66
CP02APR16-d,200.0,6040.047295555554,6040.047295555554,0,3020.02
GR12APR18-s,100.0,0,0,0,0.00
GR01MAY18-d,500.0,0,0,0,0.00
CL03NOV18-d,2000.0,1004.9207975000002,1004.9207975000002,0,50.25
YG01APR18-s,50.0,0,0,0,0.00
CL10APR18-s,0.0,0,0,0,0.00
CP05APR18-d,1000.0,0,0,0,0.00
CL01APR18-s,0.0,0,0,0,0.00
CP05APR18-s,1000.0,0,0,0,0.00
CL10APR18-d,5.0,0,0,0,0.00
YG01APR18-d,2000.0,2757.275078055556,2757.275078055556,0,137.86
CP04APR18-s,1000.0,0,0,0,0.00
CP01MAY18-d,1000.0,757.7363479783951,757.7363275,2.0478395061728393e-05,75.77
GR06APR18-s,10000.0,132.28822060185186,130.28322111111112,2.0049994907407402,1.32
SP02APR18-d,185.0,7709.319912762349,7708.802683611115,0.5172291512345679,4167.20
GR06APR18-d,30000.0,12132.004410725309,12131.424568819444,0.5798419058641975,40.44
CP04APR18-d,4000.0,0,0,0,0.00
SP02APR18-s,195.0,903.5701833333334,903.5516994444445,0.01848388888888889,463.37
