SP01APR18-d,20000.0,6333.213892228398,6333.1584405694475,0.05545165895061729,31.67
GR03AUG18-d,20000.0,5598.992881652778,5598.992881652778,0,27.99
GR03AUG18-s,0.0,0,0,0,0.00
SP01APR18-s,20000.0,244.7568321219136,244.69694222222222,0.05988989969135803,1.22
CL03APR18-s,50.0,0,0,0,0.00
CL03APR18-d,100.0,1148.930571111111,1148.930571111111,0,1148.93
ZZ00AUG18-s,100.0,0,0,0,0.00
CP02JUN18-d,10000.0,802.9809494444445,802.9809494444445,0,8.03
FS01APR18-s,0.0,0,0,0,0.00
FS01APR18-d,63000.0,19192.886259166666,19192.886259166666,0,30.46
CP02JUN18-s,10000.0,0,0,0,0.00
GR01APR18-d,10000.0,25832.807300000004,25832.807300000004,0,258.33
GR01SEP18-s,0.0,0,0,0,0.00
GR01SEP18-d,24000.0,119809.07393149147,119808.9258108819,0.1481206095679012,499.20
GR01APR18-s,100.0,49.032762777777776,49.032762777777776,0,49.03
GR02MAY18-s,50.0,0,0,0,0.00
CL01MAY18-d,50.0,0.19092914583333329,0.19092914583333329,0,0.38
CL02APR18-d,125.0,149.5059330833333,149.5059330833333,0,119.60
GR05APR18-d,60000.0,69870.43941722218,69870.43941722218,0,116.45
CP01SEP18-d,10000.0,22.186152944444437,22.186152944444437,0,0.22
CL01NOV18-d,1000.0,0,0,0,0.00
CP01SEP18-s,0.0,0,0,0,0.00
GR05APR18-s,20000.0,1961.9104827777778,1961.9104827777778,0,9.81
CL02APR18-s,0.0,243.37121444444443,243.37121444444443,0,0.00
CL09APR18-s,0.0,0,0,0,0.00
GR02MAY18-d,1000.0,59.09791127777779,59.09791127777779,0,5.91
CL08APR18-s,1000.0,17546.829410000002,17546.829410000002,0,1754.68
FS02APR18-d,1000.0,2762.973711111111,2762.973711111111,0,276.30
GR09APR18-d,30000.0,205.73369842052472,205.2296056041667,0.5040928163580248,0.69
GR04APR18-s,200.0,149.58197822530866,149.54017833333333,0.041799891975308645,74.79
FS04APR18-s,0.0,0,0,0,0.00
FS03APR18-s,5.0,0,0,0,0.00
FS06APR18-d,1000.0,0,0,0,0.00
CL05APR18-s,0.0,0,0,0,0.00
GR04APR18-d,10000.0,16391.91714066358,16391.917140555557,1.080246913580247e-07,163.92
GR09APR18-s,10000.0,0.4585066666666667,0.4585066666666667,0,0.00
FS02APR18-s,0.0,0,0,0,0.00
CL08APR18-d,2000.0,0.5930988040123457,0,0.5930988040123457,0.03
CL05APR18-d,3.0,0,0,0,0.00
FS06APR18-s,0.0,0,0,0,0.00
FS03APR18-d,0.0,0,0,0,0.00
FS04APR18-d,2000.0,4477.159613611112,4477.159613611112,0,223.86
FS05APR18-s,0.0,0,0,0,0.00
CL02AUG18-s,0.0,0.011303703703703705,0,0.011303703703703705,0.00
FS05APR18-d,1000.0,0,0,0,0.00
CL01NOV18-s,100.0,0,0,0,0.00
CL02AUG18-d,1000.0,3824.779743192129,3824.7340614097216,0.04568178240740741,382.48
GR08APR18-s,0.0,0,0,0,0.00
CL03NOV18-s,100.0,0,0,0,0.00
GR08APR18-d,25000.0,16803.963664444444,16803.963664444444,0,67.22
CL04APR18-d,150.0,260.74419368055555,257.1817125,3.562481180555554,173.83
GR02AUG18-d,40000.0,10901.464372554017,10901.041857222228,0.42251533179012324,27.25
GR02APR18-d,1000.0,12475.038818611107,12475.038818611107,0,1247.50
CL04APR18-s,50.0,0,0,0,0.00
GR02APR18-s,20.0,0.009278333333333333,0.009278333333333333,0,0.05
CP03APR18-s,0.0,0,0,0,0.00
GR10APR18-d,25000.0,66629.61721067126,66628.88961090274,0.7275997685185185,266.52
GR07APR18-d,20000.0,19371.30980444444,19371.30980444444,0,96.86
GR10APR18-s,5000.0,7201.291546234568,7201.291492777778,5.345679012345679e-05,144.03
CP03APR18-d,50000.0,7433.746329999999,7433.746329999999,0,14.87
GR07APR18-s,5000.0,563.0273608873457,562.9764055555556,0.05095533179012345,11.26
CP01MAY18-s,500.0,1.1019755555555555,1.1019755555555555,0,0.22
CL09APR18-d,500.0,7566.6967302777775,7566.6967302777775,0,1513.34
CL01SEP18-s,0.0,0,0,0,0.00
GR11APR18-d,60000.0,62843.1537907176,62843.14651284724,0.00727787037037037,104.74
CP01APR18-d,1000.0,337.9260836111111,337.9260836111111,0,33.79
GR11APR18-s,0.0,0,0,0,0.00
GR03APR18-d,8000.0,760.4297433333334,760.4297433333334,0,9.51
CL01SEP18-d,15000.0,192.3014963888889,192.3014963888889,0,1.28
ZZ00AUG18-d,100.0,4.529320987654321e-06,0,4.529320987654321e-06,0.00
CP01JUN18-s,0.0,0,0,0,0.00
GR01AUG18-s,250.0,0,0,0,0.00
CP02APR18-s,0.0,0,0,0,0.00
GR01AUG18-d,250.0,0,0,0,0.00
CP01JUN18-d,0.0,0,0,0,0.00
CP02APR18-d,2000.0,529.8220772222223,529.8220772222223,0,26.49
CL06APR18-d,15.0,1.707253086419753e-05,7.736111111111111e-06,9.336419753086417e-06,0.00
GR02AUG18-s,0.0,3365.050225555556,3365.050225555556,0,0.00
XX00SEP18-s,100.0,9.719531111111111,9.719531111111111,0,9.72
CL07APR18-s,0.0,0,0,0,0.00
CL02NOV18-d,2000.0,0,0,0,0.00
CL06APR18-s,0.0,4.535230555555556,4.535230555555556,0,0.00
CL02NOV18-s,500.0,0,0,0,0.00
CL07APR18-d,100.0,0,0,0,0.00
XX00SEP18-d,100.0,5.705344342592592,5.704208972222221,0.0011353703703703704,5.71
CL01MAY18-s,200.0,9.38170388888889,9.38170388888889,0,4.69
CL01AUG18-s,100.0,0,0,0,0.00
GR01MAY18-s,0.0,0,0,0,0.00
GR12APR18-d,100.0,0,0,0,0.00
CP01APR18-s,0.0,0,0,0,0.00
CP02APR16-s,1300.0,8432.43545888889,8432.43545888889,0,648.65
CL01AUG18-d,500.0,0.022372391975308645,0.02230277777777778,6.96141975308642e-05,0.00
GR03APR18-s,300.0,16.25273111111111,16.25273111111111,0,5.42
CL01APR18-d,1000.0,12652.343519722222,12652.343519722222,0,1265.23
CP02APR16-d,200.0,951.3612783333334,951.3612783333334,0,475.68
GR12APR18-s,100.0,0,0,0,0.00
GR01MAY18-d,500.0,0,0,0,0.00
CL03NOV18-d,2000.0,0,0,0,0.00
YG01APR18-s,50.0,0,0,0,0.00
CL10APR18-s,0.0,0,0,0,0.00
CP05APR18-d,1000.0,0,0,0,0.00
CL01APR18-s,0.0,0,0,0,0.00
CP05APR18-s,1000.0,0,0,0,0.00
CL10APR18-d,5.0,64.00181722222223,64.00181722222223,0,1280.04
YG01APR18-d,2000.0,2097.8988101373457,2096.496266888889,1.4025432484567901,104.89
CP04APR18-s,1000.0,0,0,0,0.00
CP01MAY18-d,1000.0,4043.9633417916657,4043.9633417916657,0,404.40
GR06APR18-s,10000.0,19.102574429012346,18.608508333333337,0.4940660956790123,0.19
SP02APR18-d,185.0,11703.120694625006,11703.116755388894,0.003939236111111111,6326.01
GR06APR18-d,30000.0,6008.350466658949,6006.703875277776,1.64659138117284,20.03
CP04APR18-d,4000.0,0,0,0,0.00
SP02APR18-s,195.0,2749.7015127777786,2749.7015127777786,0,1410.10
