start, end
1531753200 1531891898
--- Table 2.3 Usage per group ---
NIa 0 0 0 0 0 0 0 0 0 0 0 0 0 0 0 0.063 0.06 0.124 0 0 0 0 0 0 0.28 1.336 58344.868 0 0 0 0 0 0 25009.516 279.231 31441.2 24111.393 268.235 24379.628 0 0 0 0 0 0 0 0 0 0 0 0 0 0 0 0 0 0 0 0 0 0 0 0 0 0 0 0 0 0 0 0 0 0 0 0 0 0 0 0 0 0 0 0 0 0 0 0 0 0 0 114165.82 0.202767833321
CFb 0 0 0 0 0 0 0 0 0 0 0 0 0 0 0 0 0 0 0 0 0 0 0 0 0 0 0 71612.232 393.697 72005.929 0 0 0 0 0 0 0 0 0 0 0 0 0 0 0 0 0 0 0 0 0 0 0 0 0 0 0 0 0 0 0 0 0 0 0 0 0 0 0 0 0 0 0 0 0 0 0 0 0 0 0 0 0 0 0 0 0 0 0 0 72005.929 0.127888418877
MHa 0 0 0 0 0 0 0 0 0 0 0 0 0 0 0 0 0 0 0 0 0 0 0 0 469647.903 7676.966 2065767.385 0.049 0.031 95060.772 0.184 0.324 5788.015 204631.233 3535.294 305942.028 0.069 0.181 248904.98 8770.878 174.695 9898.541 0 0 0 0 0 0 0 0 0 0 0 0 0 0 0 0 0 0 0 0 0 0 0 0 0 0 0 0 0 0 0 0 0 0 0 0 0 0 0 0 0 0 0 0 0 0 0 0 2731361.721 4.8511217997
fjse 6299.117 1291.869 13779.462 1.99 8.031 10.021 0 0 0 0.052 0.034 0.086 0 0 0 87.402 75.937 163.339 0 0 0 0 0 0 11761.24 50.334 11811.574 462.216 10.983 4844.195 6178.287 72.086 7566.751 11447.303 89.232 11600.308 0 0 0 0 0 0 0 0 0 0 0 0 0 0 0 0 0 0 0 0 0 0 0 0 0 0 0 0 0 0 0 0 0 0 0 0 0 0 0 0 0 0 0 0 0 0 0 0 0 0 0 0 0 0 49775.736 0.0884057780225
GEb 0 0 0 0 0 0 0 0 0 0 0 0 0 0 0 0 0 0 0 0 0 0 0 0 0 0 0 82.574 4.561 15546.132 0 0 0 0.555 0.348 7156729.52 0.246 0.161 100542.335 0 0 0 0 0 0 0 0 0 0 0 0 0 0 0 0 0 0 0 0 0 0 0 0 0 0 0 0 0 0 0 0 0 0 0 0 0 0 0 0 0 0 0 0 0 0 0 0 0 0 0 7272817.987 12.9171195491
RFa 0 0 0 2.235 383.972 275058.24 0 0 0 0 0 0 0 0 0 0 0 0 0 0 0 0 0 0 191421.721 76469.401 2191857.2 0 0 0 0 0 0 0 0 0 0 0 0 0 0 0 0 0 0 0 0 0 0 0 0 0 0 0 0 0 0 0 0 0 0 0 0 0 0 0 0 0 0 0 0 0 0 0 0 0 0 0 0 0 0 0 0 0 0 0 0 0 0 0 2466915.44 4.38144357703
FIa 354772.712 11805.6 366578.313 2718.398 515.8 3234.196 0 0 0 0 0 0 0 0 0 0 0 0 0 0 0 0 0 0 0 0 0 0 0 0 0 0 0 0 0 0 0 0 0 0 0 0 0 0 0 0 0 0 0 0 0 0 0 0 0 0 0 0 0 0 0 0 0 0 0 0 0 0 0 0 0 0 0 0 0 0 0 0 0 0 0 0 0 0 0 0 0 0 0 0 369812.509 0.656817260936
FMd 0 0 0 0 0 0 0 0 0 0 0 0 0 0 0 0 0 0 0 0 0 0 0 0 0 0 0 20748462.116 167118.19 20915580.306 0.173 0.336 22251612.44 0 0 0 0 0 0 0 0 0 0 0 0 0 0 0 0 0 0 0 0 0 0 0 0 0 0 0 0 0 0 0 0 0 0 0 0 0 0 0 0 0 0 0 0 0 0 0 0 0 0 0 0 0 0 0 0 0 43167192.746 76.6684647266
ZZa 0 0 0 0.257 3.096 183.93 0 0 0 0.486 0.74 1.226 0 0 0 0.149 0.287 0.437 0 0 0 0 0 0 1.088 4.258 5.345 0 0 0 0 0 0 0 0 0 0 0 0 0 0 0 0 0 0 0 0 0 0 0 0 0 0 0 0 0 0 0 0 0 0 0 0 0 0 0 0 0 0 0 0 0 0 0 0 0 0 0 0 0 0 0 0 0 0 0 0 0 0 0 190.938 0.00033912150378
FMa 0 0 0 355.218 7680.648 8035.866 0 0 0 0 0 0 0 0 0 0 0 0 0 0 0 0 0 0 30647.126 48.377 30695.504 0 0 0 0 0 0 0 0 0 20716.28 27.052 20743.332 0 0 0 0 0 0 0 0 0 0 0 0 0 0 0 0 0 0 0 0 0 0 0 0 0 0 0 0 0 0 0 0 0 0 0 0 0 0 0 0 0 0 0 0 0 0 0 0 0 0 0 59474.702 0.105631934864
--- Table 2.4 Usage per project ---
FJTEST4-d 0 0 0 0 0 0 0 0 0 0 0 0 0 0 0 0 0 0 0 0 0 0 0 0 66384.333 194.482 66578.815 35131.706 109.297 35241.003 0 0 0 0 0 0 0 0 0 0 0 0 0 0 0 0 0 0 0 0 0 0 0 0 0 0 0 0 0 0 0 0 0 0 0 0 0 0 0 0 0 0 0 0 0 0 0 0 0 0 0 0 0 0 0 0 0 0 0 0 101819.818 0.155631517784
GR11APR18-d 0 0 0 0 0 0 0 0 0 0 0 0 0 0 0 0 0 0 0 0 0 0 0 0 7152079.491 170271.413 7323906.285 36284.789 133.082 112867.495 127959.712 1779.959 273403.219 0.325 0.228 519609.59 125193.074 1874.823 127067.898 165251.7 3782.448 365916.192 0 0 0 0 0 0 0 0 0 0 0 0 0 0 0 0 0 0 0 0 0 0 0 0 0 0 0 0 0 0 0 0 0 0 0 0 0 0 0 0 0 0 0 0 0 0 0 0 8722770.679 13.3327486409
FJSE-s 288427.299 6917.723 295345.021 0 0 0 0 0 0 0 0 0 0 0 0 0 0 0 0 0 0 0 0 0 0 0 0 0 0 0 0 0 0 0 0 0 0 0 0 0 0 0 0 0 0 0 0 0 0 0 0 0 0 0 0 0 0 0 0 0 0 0 0 0 0 0 0 0 0 0 0 0 0 0 0 0 0 0 0 0 0 0 0 0 0 0 0 0 0 0 295345.021 0.451434649865
general 361071.829 13097.469 380357.775 3078.098 8591.547 286522.253 0 0 0 0.538 0.774 1.312 0 0 0 87.614 76.284 163.9 0 0 0 0 0 0 703479.358 84250.672 4358481.876 20820619.187 167527.462 21103037.334 6178.644 72.746 22264967.206 241088.607 3904.105 7505713.056 44827.988 295.629 394570.275 8770.878 174.695 9898.541 0 0 0 0 0 0 0 0 0 0 0 0 0 0 0 0 0 0 0 0 0 0 0 0 0 0 0 0 0 0 0 0 0 0 0 0 0 0 0 0 0 0 0 0 0 0 0 0 56303713.528 86.0601851915
--- Table 2-8 Usage per job class ---
intmpi.default 8 87.614 76.284 163.9 163.9 0 1 4248.9268219 84921.2993987
dma.A 73 22166159.431 261904.239 55921873.344 55921873.344 1511250.845 76 2.21508357406 318.93884928
sma.D 1 288427.299 6917.723 295345.021 295345.021 9410.364 480 53.706232904 64.592044032
sma.B 12 2.278 45.164 47.444 47.444 207.676 128 0.0 0.0
sma.A 3 354770.434 11760.436 366530.869 366530.869 18226.91 54 4.70980281082 9.448546304
single.default 2 0.538 0.774 1.312 1.312 0 1 0.0 0.1104896
smb.A 9 520.426 8106.688 283479.723 283479.723 46225.878 62 0.45485105625 48.156921856
smb.B 8 2557.672 484.859 3042.53 3042.53 2712.956 160 1.45514743085 13.873618944
dma.default 85 7367090.361 172466.802 8539385.441 8539385.441 260110.755 25 0.852555184792 59.510923264
sma.default 15 6299.117 1291.869 13779.462 13779.462 41440.31 42 0.150775970634 5.778567168
--- Exceeded limit project ---
['general']
--- Exceeded limit group ---
['FMd']
