intmpi.default,290,236626.48900000006,63509.28700000001,416435.088,0,1,11.183323446267252,261.2593664
sma.D,2,0.271,12.394,12.665,2578.536,480,0.006085243590906343,0.226316288
sma.E,5,1619456.9,77930.85199999998,1697387.751,79225.71800000001,1040,69.44430960724185,139.86015232
sma.B,13,603014.665,12115.310000000001,615129.974,145551.34,160,1.1012278190222236,15.379828736
sma.C,10,1442414.0450000002,12181.506000000001,46796544.424,2937126.3359999997,320,23.059028993375275,43.098079232
sma.A,77,49915293.74699999,1979796.0779999995,354178769.49899983,22029657.036,54,27.745242478047246,347.215265792
intsmp.default,19,14204.579999999996,21919.686999999998,37508.10899999999,0,1,2.2713667810106375,3679.152451584
dma.LS,816,197334036.04699993,1585153.5939999996,442756178.1379998,13166628.885000002,128,1.2266314909992182,44232.971579392
dma.LM,152,418797424.772,1451282.679,1662152665.1870005,42014375.397999994,1188,0.32059889662135743,2113.33349376
dma.A,5307,14360848059.501003,301413210.2569997,25309567537.87218,723485962.4709971,102,3.7538400835142074,2028.721721344
single.default,3152,16497292.787000006,1754374.1280000007,28710538.83900002,0,1,0.5956739105607556,8.651649024
dma.M,63,1833962987.238,9442449.066000003,3335258919.1229997,84050688.43300003,1865,1.8665700649994694,1532.442804224
dma.L,30,25860079.308000002,13875.042,5232011749.200999,131727952.09500001,4808,0.8054304335570829,13193.984536576
aps.B,6,288824.142,1115.392,289939.534,14044.56,160,16.923990457018615,21.785337856
dma.E,119,2508143120.1889997,15546923.754999999,2751428776.807,69704542.424,529,1.5267445856484125,2334.4672768
dma.D,198,1874655575.0240002,16124634.933999998,2146428393.1890006,55240215.80200003,300,0.6864533010424072,4707.91182336
dma.F,89,2597559824.804,20998545.483,4687269140.540998,118957001.292,894,0.8996414954796209,2129.993924608
dma.default,35,45475956.136,312018.57700000005,45788059.05499999,2623015.4739999995,21,8.079564323703808,109.65344256
dma.C,521,2899373438.3360014,61273321.30599998,3237129235.0290003,87214340.68100001,143,0.4333689642157215,354.670989312
dma.B,382,73398830.29499997,1277575.7279999997,218833064.45399997,7866549.176000002,79,0.801521238441368,661.04444928
aps.E,36,5120217.0479999995,111885.21700000002,5950081.668999999,375765.38400000014,960,7.74149161808436,131.542175744
dma.MS,168,19409231.451,207712.8909999999,24366624.94,1524062.3420000002,119,0.7825873260461187,125.60400384
smb.A,1141,740969559.2019991,7775564.389999988,1317656620.9470003,74216742.58599994,53,5.205981984254613,319.030112256
smb.C,95,90572806.60599999,1895728.2379999997,265971468.55299997,14712490.095999995,308,31.270512058057893,212.426252288
smb.B,98,2448567.5429999996,678066.385,14533387.46599999,1230388.2359999998,152,57.47296610212851,294.394671104
smb.E,29,3502831.1130000004,573795.8849999998,5613903.43,236652.41600000003,986,106.02687616258567,2397.785575424
smb.D,12,101456.341,88046.019,259312.86899999998,63543.87599999999,429,14.780911744845353,227.569819648
