aps.E,2,957163.449,77627.516,1034790.9650000001,44261.087999999996,960,99.56807644346269,129.112317952
intmpi.default,425,722151.6999999997,228588.07399999976,1182036.6689999995,0,1,49.24777775610885,2141.719638016
dma.default,94,96608304.23499998,689717.4109999998,119162222.09699999,6971041.592999999,218,4.702442721393723,774.85238272
sma.D,4,95280993.053,1128479.061,96409472.114,2741108.196,460,22.07494120011569,23.836127232
sma.E,17,606368053.1699997,6755373.799,653075780.5400001,20072399.282,1002,274.3584357974331,3728.650674176
sma.C,6,151216875.04400003,1898576.083,153171919.753,5531430.512,235,26.522684302509674,125.999013888
smb.E,24,1118271537.4189997,9920029.484000001,1128997272.26,42662862.138000004,910,184.37757051106496,3560.17068032
sma.B,2,0.118,2.564,863054.8,50288.728,81,1.8995271383770254,251.641458688
sma.A,106,77914232.42199999,1101358.8839999996,428142098.0930001,31380200.011999995,50,15.379327457096679,347.210821632
dma.M,89,4435389024.941,36366149.673,5534525793.117001,151305331.95099998,1725,4.608286589505205,5987.292192768
dma.L,56,31399.85799999999,26539.303000000004,17093201580.126,446281366.32199997,4088,0.41177543156063356,6715.016368128
aps.A,11,0.651,19.022,925.9190000000001,3967.1119999999996,41,53.62188757768044,204.433362944
aps.B,18,1499126.4179999998,21001.792999999998,1562911.958,45293.479999999996,160,14.148803530652742,21.786382336
single.default,8959,9269684.234000038,380471.82199999754,12673604.2650001,0,1,0.19614026871091594,21.468758016
smb.A,806,163041079.18500033,5172127.8379999995,554785591.1770008,35624817.609999985,51,4.961899648484958,290.712629248
smb.C,42,8479966.681000002,226568.87199999997,19096273.454000004,1969809.2400000002,275,23.198789220116986,240.638226432
smb.B,34,844153.9119999998,15651.538,80702406.96499999,4703435.224,100,3.1992533718655696,257.365987328
dma.A,6628,29128505529.422905,410919513.3699994,46391134235.48701,1269560009.5370011,157,3.713421010942339,11874.925928448
smb.D,9,291091725.477,3811300.9850000003,304121032.492,9011063.556000002,444,30.29312114144407,1191.99504384
intsmp.default,37,22229.200999999997,28529.504999999997,85289.404,0,1,1.9565764901892673,60.996345856
