intmpi.default,440,298328.54699999996,40154.541999999994,408435.1849999999,0,1,6.588808144005201,853.702885376
sma.E,1,572036.199,28299.081,600335.28,26199.42,1040,113.18418057021901,139.860144128
sma.B,2,0.332,14.509999999999998,68687.717,9592.336000000001,120,0.21867738222307181,131.953758208
sma.C,2,460730.441,3655.934,464386.374,12779.648000000001,320,32.997561136079156,43.09389312
sma.A,91,33379293.22,1498462.2750000004,537359206.2450001,32064969.194,46,54.84513850804338,1229.143519232
intsmp.default,89,52444.134999999995,113641.89199999999,275610.034,0,1,2.6256323268671107,13.256040448
dma.LS,2212,1972795702.0640044,28095462.31299999,2710146987.038002,89358361.98600002,171,1.9392219172713452,2285.573472256
dma.LM,45,532172736.681,1968689.8290000004,2920211233.372001,73554540.77099998,2063,1.7414411679001398,2387.418755072
dma.A,2569,3292383850.729002,133075927.61899978,5162171684.871996,213521890.95999995,22,6.2992382212910965,139.585462272
single.default,2954,36466855.388000034,2087729.2759999975,43957666.710999995,0,1,0.7219746579739872,23.141842944
dma.M,223,4777223420.649,27869403.56200002,6098556169.236002,154050018.82300004,1476,0.918287313738159,1870.837592064
dma.L,78,3814123034.9960003,27089933.307,4461033813.845,127620016.06800002,4989,5.887711637556311,16225.146683392
dma.E,393,10215605104.341003,82713804.706,15304357456.197992,400098006.1289998,468,1.6084062859641635,1888.495263744
dma.D,197,936164650.335,13960912.356000008,3735098008.0870013,97317952.96200003,290,1.7315498728479557,938.8471296
dma.F,157,4037547631.3230004,30760816.431999996,8956075540.845001,229351042.42100006,787,0.9285453445748599,2847.63947008
dma.default,41,54886100.284,318046.5579999999,55210818.878000006,3092488.4309999994,18,2.385335170006558,19.259936768
dma.C,882,4321544282.157,79408942.83099993,6217088245.885001,165012199.20299968,142,1.0721830723857722,378.670542848
dma.B,414,754688694.1299998,34646996.59399999,2056958741.9050016,79259753.36800002,70,1.0334851759799664,872.474492928
aps.E,1,505495.213,33645.239,539140.452,23029.752,960,106.91931227225552,129.103925248
dma.MS,98,3457678.1720000007,318191.37200000003,445057960.6850002,13758878.688,76,0.8618594125583253,686.5519616
smb.A,1294,1275806358.2610016,8847175.153000005,1959640894.1060007,96813514.86799991,64,5.294303177887213,194.770477056
smb.C,169,7366640.978000001,2062177.605,10015276.157000002,463179.8000000001,300,84.70578770627992,814.655832064
smb.B,49,1138275.9819999998,246644.4899999999,2121051.0540000005,347462.668,143,52.53995439090631,192.62941184
smb.E,9,1538375.0699999998,75764.96599999999,105870948.33500001,7179187.548,1028,267.2129888258729,2397.785583616
smb.D,1,0.032,2.075,2.107,73.30799999999999,480,0.0,0.0
