SP01APR18-d,0,0,0,0,0,0,0,0,0,634609994.8339999,6523811.963,874906699.1780001,0,0,0,7165.3150000000005,21.220000000000002,7186.535,874913885.7130005,1.2063064505418142
GR02AUG18-d,0,0,0,0,0,0,0,0,0,363076104.403,7760167.563,1140711594.0279999,0,0,0,30331.632999999994,2578.3140000000003,54757.98699999997,1140766352.015,1.572856290736889
GR03AUG18-d,0,0,0,0,0,0,0,0,0,67591.436,63965.51899999999,310630464.592,0,0,0,0,0,0,310630464.59199977,0.428288474204247
ZZ00SEP18-d,0,0,0,0,0,0,0,0,0,1987118.949,1207.551,1988326.503,0,0,0,0,0,0,1988326.503,0.0027414481876664853
CL06APR18-s,7245.821,913.85,8159.6720000000005,0,0,0,0,0,0,0,0,0,0,0,0,0,0,0,8159.6720000000005,1.1250324321786182e-05
CL06APR18-d,0,0,0,0,0,0,0,0,0,0.003,0.013000000000000001,0.017,0,0,0,0.23199999999999998,0.978,1.21,1.2269999999999999,1.6917527987438273e-09
XX00SEP18-s,538253.108,25895.077,564148.185,229785.981,1646.84,277448.545,0,0,0,0,0,0,0,0,0,0,0,0,841596.73,0.0011603697012152838
GR07APR18-s,1781699.259,257116.419,2038815.678,7582715.127,758845.454,8626277.758000001,0,0,0,0,0,0,137.027,6466.785,6603.811,0,0,0,10671697.247000001,0.014713833484074207
CL09APR18-d,0,0,0,0,0,0,0,0,0,89570861.73699999,12361928.616999999,970285193.415,0,0,0,0,0,0,970285193.415,1.3378017045961876
CL02APR18-d,0,0,0,0,0,0,0,0,0,9201542.423999999,37171.008,9247166.76,0,0,0,0,0,0,9247166.760000002,0.012749731252388668
GR05APR18-d,0,0,0,0,0,0,0,0,0,8211993277.15,76705320.77900001,9491313992.002996,0,0,0,0,0,0,9491313992.002996,13.086354531155273
GR02APR18-d,0,0,0,0,0,0,0,0,0,335907460.58300006,2032865.913,1790003935.296,0,0,0,0,0,0,1790003935.2959998,2.4680066563157887
CL04APR18-d,0,0,0,0,0,0,0,0,0,27722666.430999998,1830209.189,29552875.618,0,0,0,353740.077,8309.717999999997,461697.5609999998,30014573.179000016,0.04138324219940888
ZZ00SEP18-s,2555592.9889999996,53599.86599999999,2609192.8549999995,13089180.881999997,128709.50900000006,13520772.671000002,2456289.867,98629.30899999996,2597702.923,0,0,0,0.11599999999999999,1.6400000000000001,1.755,0,0,0,18727670.204000007,0.02582118050657571
GR02AUG18-s,0.219,6.436999999999999,919527.3999999999,1094121.321,10810.606999999996,209249973.27300003,0,0,0,0,0,0,0,0,0,0,0,0,210169500.673,0.2897757465151919
SP01APR18-s,0.096,0.519,0.615,489941.3469999999,2348.402,3875761.201,0,0,0,0,0,0,7048.638,713.092,7761.731,0,0,0,3883523.5470000007,0.005354492118683624
GR02APR18-s,0,0,0,255.39600000000002,8.1,263.497,0,0,0,0,0,0,0,0,0,0,0,0,263.497,3.6330219006569056e-07
GR05APR18-s,178314180.11800003,1909458.6460000002,214581631.306,0,0,0,0,0,0,0,0,0,0,0,0,0,0,0,214581631.306,0.29585906709123194
CL02APR18-s,16057916.644000001,541219.366,16599136.247,0.424,0.7729999999999998,1.7519999999999998,0,0,0,0,0,0,0,0,0,0,0,0,16599137.999,0.022886420673629393
CL01MAY18-s,0,0,0,34148.35899999998,734066.8920000001,836002.9019999994,0,0,0,0,0,0,0,0,0,0,0,0,836002.9019999994,0.0011526570898259664
GR02MAY18-d,0,0,0,0,0,0,0,0,0,7444538.725000001,92307.752,8404680.446000002,0,0,0,0,0,0,8404680.446000002,0.011588135017985349
CL08APR18-s,698213425.2729999,7549551.197999999,745715330.0420002,1403723441.03,13071734.838999996,1426198009.7129998,0,0,0,0,0,0,0,0,0,0,0,0,2171913339.7549996,2.9945725111324974
FS02APR18-d,0,0,0,0,0,0,0,0,0,114645.71499999998,54185.412000000004,36512881.82399999,0,0,0,0,0,0,36512881.82400001,0.05034292584837379
GR09APR18-d,0,0,0,0,0,0,0,0,0,13436419.333,63486.691999999995,14587859.510000002,0,0,0,21900.614,30105.496,65330.429000000004,14653189.938999992,0.02020340268119652
GR10APR18-d,0,0,0,0,0,0,0,0,0,66176016.989,1024668.789,8427608134.568,0,0,0,40805.55699999999,23200.657999999996,94296.93,8427702431.497998,11.61987707862013
GR04APR18-s,0,0,0,8850861.99,12622.126999999999,8863655.874000002,0,0,0,0,0,0,5148.429,268.83799999999997,5417.2660000000005,0,0,0,8869073.14,0.012228426492957382
GR07APR18-d,0,0,0,0,0,0,0,0,0,2248291129.0569997,22901058.228000004,2515745323.399,0,0,0,0,0,0,2515745323.399,3.4686382981148767
CP02APR16-s,25806883.069000002,352633.15300000005,37586289.41899999,145215334.80299997,4377818.388,414247929.64599997,0,0,0,0,0,0,0,0,0,0,0,0,451834219.06499976,0.6229762059261981
GR03APR18-s,29124.485999999997,29.88,29154.366,0,0,0,0,0,0,0,0,0,0,0,0,0,0,0,29154.366,4.0197212938958345e-05
GR04APR18-d,0,0,0,0,0,0,0,0,0,1777790034.5600002,14248855.42,2245010499.215999,0,0,0,0.002,0.013000000000000001,0.014,2245010499.2300005,3.095356801370522
CL01AUG18-d,0,0,0,0,0,0,0,0,0,133.755,28.154,190.773,0,0,0,7.697,1.3250000000000002,9.022,199.795,2.7547167923799754e-07
GR10APR18-s,6902164.247000005,54316.30100000002,310277658.85899997,0,0,0,0,0,0,0,0,0,0.556,6.372,6.928,0,0,0,310277665.787,0.4278020452183041
CL01APR18-d,0,0,0,0,0,0,0,0,0,1117178369.2810001,9337150.638,1816489785.4220002,0,0,0,0,0,0,1816489785.4220002,2.504524595254477
GR09APR18-s,0,0,0,0.153,0.14100000000000001,29790.19,0,0,0,0,0,0,0,0,0,0,0,0,29790.19,4.107386903635728e-05
CP03APR18-d,0,0,0,0,0,0,0,0,0,641001595.9159998,110552183.71599999,1044572214.924,0,0,0,0,0,0,1044572214.9239999,1.4402265428587742
CL08APR18-d,0,0,0,0,0,0,0,0,0,0,0,0,0,0,0,59640.187000000005,7352.918000000001,76865.60500000001,76865.60500000001,0.00010598011604391815
CL03APR18-d,0,0,0,0,0,0,0,0,0,157342209.389,3125600.4109999994,160467809.8,0,0,0,0,0,0,160467809.79999995,0.2212484648226912
CL02AUG18-d,0,0,0,0,0,0,0,0,0,139970341.408,355789.66000000003,438860311.066,0,0,0,5604.568,315.791,5920.3589999999995,438866231.4249999,0.6050963123776689
CL05APR17-d,0,0,0,0,0,0,0,0,0,0.14700000000000002,0.20400000000000004,0.40800000000000003,0,0,0,0,0,0,0.40800000000000003,5.625388279441578e-10
FJSE-s,0,0,0,1.0790000000000002,7.649999999999998,8.732999999999992,0,0,0,0,0,0,0.135,1.852,1.987,0,0,0,10.719999999999994,1.4780431949905313e-08
CP01MAY18-s,0,0,0,0,0,0,0.651,19.022,925.9190000000001,0,0,0,0,0,0,0,0,0,925.9190000000001,1.276630855468693e-06
CL02AUG18-s,0,0,0,0,0,0,0,0,0,0,0,0,161.209,1303.7489999999998,1464.96,0,0,0,1464.96,2.019845297512435e-06
CP02JUN18-d,0,0,0,0,0,0,0,0,0,10534.408999999998,15917.385999999999,5811157.772999999,0,0,0,0,0,0,5811157.773,0.008012259516230398
GR11APR18-d,0,0,0,0,0,0,0,0,0,8271450867.205,95283844.489,8596399683.091,0,0,0,940.02,3.191,943.212,8596400626.303009,11.85247336485029
CP01APR18-d,0,0,0,0,0,0,0,0,0,15716589.506000001,25930.537000000004,38980765.363000005,0,0,0,0,0,0,38980765.36299999,0.053745573675657445
FJSE-d,0,0,0,0,0,0,0,0,0,0.9420000000000001,3.611999999999999,5.809,0,0,0,0,0,0,5.809000000000001,8.00928444001866e-09
CL01MAY18-d,0,0,0,0,0,0,0,0,0,18552.573000000008,4.453999999999995,27402.719000000005,0,0,0,0,0,0,27402.719000000005,3.7782091737115454e-05
GR01SEP18-d,0,0,0,0,0,0,0,0,0,19155033.604999997,414228.20900000003,17154756224.777994,0,0,0,5860.673999999999,209.88600000000002,19196.431,17154775421.20901,23.652517791892553
FS01APR18-d,0,0,0,0,0,0,0,0,0,2354372314.060001,14677011.315000001,2603672526.9550004,0,0,0,0,0,0,2603672526.955,3.5898698325089935
GR03APR18-d,0,0,0,0,0,0,0,0,0,72231810.51900001,114848.545,72383123.285,0,0,0,0,0,0,72383123.28500001,0.09979979739137594
CL01SEP18-d,0,0,0,0,0,0,0,0,0,17868877.453,917675.967,18854010.374999996,0,0,0,0,0,0,18854010.375,0.02599537475097914
CP01SEP18-d,0,0,0,0,0,0,0,0,0,2409940.3919999986,3743.2889999999975,3186056.592999998,0,0,0,0,0,0,3186056.592999998,0.0043928444646813124
ZZ00AUG18-d,0,0,0,0,0,0,0,0,0,0,0,0,0,0,0,0.146,0.442,0.587,0.587,8.093389509882858e-10
CL10APR18-d,0,0,0,0,0,0,0,0,0,0.09,0.055,5177642.25,0,0,0,0,0,0,5177642.25,0.0071387862814439994
YG01APR18-d,0,0,0,0,0,0,0,0,0,8174.322999999999,44665.365,87327926.513,0,0,0,25091.713,138049.118,181769.605,87509696.118,0.1206558869803165
CP01MAY18-d,0,0,0,0,0,0,0,0,0,549063.0279999999,222588.41200000004,212899222.918,0,0,0,0,0,0,212899222.9179999,0.2935394101238079
CP02APR16-d,0,0,0,0,0,0,0,0,0,101612059.533,2544682.1720000003,125022194.62699999,0,0,0,0,0,0,125022194.62699999,0.1723770559619582
GR06APR18-s,573662.243,138944.774,712607.0160000001,0,0,0,0,0,0,0,0,0,9733.091000000004,19767.177000000003,64030.96599999999,0,0,0,776637.982,0.001070806421890186
SP02APR18-d,0,0,0,0,0,0,0,0,0,580701517.288,3250347.9050000003,1649518989.4,0,0,0,479.82599999999996,30.698,510.525,1649519499.925001,2.274310701369714
GR01APR18-d,0,0,0,0,0,0,0,0,0,3672482653.737,31193673.594000004,3709026044.5259995,0,0,0,0,0,0,3709026044.5259995,5.113899911524538
GR06APR18-d,0,0,0,0,0,0,0,0,0,169562723.27700004,3749388.187,524834568.02299994,0,0,0,170542.8620000001,18296.471000000005,213398.24300000005,525047966.2659998,0.7239212440140667
XX00SEP18-d,0,0,0,0,0,0,0,0,0,796689.9920000001,688.003,797378.388,0,0,0,39.705,107.438,147.144,797525.5319999999,0.0010996055833990706
GR08APR18-d,0,0,0,0,0,0,0,0,0,2284036726.827,8400667.282000002,2300409277.1580005,0,0,0,0,0,0,2300409277.1579995,3.1717390651086474
CP02APR18-d,0,0,0,0,0,0,0,0,0,21094092.075,878927.6449999998,53212003.817,0,0,0,0,0,0,53212003.816999994,0.07336720161709614
FS04APR18-d,0,0,0,0,0,0,0,0,0,235120106.90199995,6669244.758,615899893.0000001,0,0,0,0,0,0,615899893.0,0.849185303772432
GR01APR18-s,0,0,0,1392834.5999999999,25986.871,1418821.4679999999,0,0,0,0,0,0,0,0,0,0,0,0,1418821.4679999999,0.0019562307982125718
SP02APR18-s,6.235,104.905,20673.64,25840.181999999993,21072.123999999996,557859.125,0,0,0,0,0,0,0,0,0,0,0,0,578532.765,0.0007976645675254727
