SP01APR18-d,0,0,0,0,0,0,0,0,0,536767241.6030001,3916873.7489999994,549408270.1520001,0,0,0,13.69,4.971000000000001,25.133,549408295.2850001,1.115962330732823
GR02AUG18-d,0,0,0,0,0,0,0,0,0,70755670.62799998,401475.50499999995,600590592.6800001,0,0,0,7022.072,675.5999999999999,7703.209000000001,600598295.889,1.2199398514119033
CL01MAY18-d,0,0,0,0,0,0,0,0,0,195344.02099999998,64.114,267217.234,0,0,0,0,0,0,267217.234,0.0005427736891230003
CL04APR18-d,0,0,0,0,0,0,0,0,0,10468.874,43.196000000000005,5756640.375,0,0,0,0,0,0,5756640.375,0.011692931950987718
XX00SEP18-s,1863487.8630000001,51709.33999999999,1971089.2049999998,9361127.464999998,107116.938,9678779.757999998,0,0,0,0,0,0,0.09,0.884,0.974,0,0,0,11649869.936999997,0.023663304903113483
CL09APR18-d,0,0,0,0,0,0,0,0,0,308614726.01900005,25921607.753999997,2247027138.028,0,0,0,0,0,0,2247027138.028,4.564178705880005
CL02APR18-d,0,0,0,0,0,0,0,0,0,14273858.372,50244.133,15027352.167000001,0,0,0,0,0,0,15027352.166999998,0.03052367263644792
GR05APR18-d,0,0,0,0,0,0,0,0,0,3694783719.564999,27613321.48,4067616296.2150006,0,0,0,0,0,0,4067616296.2150016,8.262173326116574
ZZ00SEP18-d,0,0,0,0,0,0,0,0,0,989403.485,681.959,990085.446,0,0,0,0.25,2.1439999999999997,2.395,990087.841,0.002011073993885426
ZZ00SEP18-s,0,0,0,258108.788,2118.122,260226.91100000002,519556.215,31383.79,550940.005,0,0,0,0.106,1.149,1.255,0,0,0,811168.171,0.001647650991974667
SP01APR18-s,0.10400000000000001,0.6799999999999999,2114081.086,0.01,0.33399999999999996,41369599.080000006,0,0,0,0,0,0,43.922999999999995,59.566,103.489,0,0,0,43483783.655,0.08832459388248427
CL02APR18-s,0,0,0,34845826.017,1156535.5350000001,52583094.24,0,0,0,0,0,0,0,0,0,0,0,0,52583094.24,0.10680718312557336
CL01MAY18-s,0,0,0,4.070000000000001,8.483,128592160.567,0,0,0,0,0,0,0,0,0,0,0,0,128592160.567,0.26119737989372266
GR02MAY18-d,0,0,0,0,0,0,0,0,0,8938350.597,35271.929,11843294.475,0,0,0,0,0,0,11843294.475000007,0.024056190303825237
CL08APR18-s,12.839,16.028,28.867,416048594.50900006,4185918.024,513373998.319,0,0,0,0,0,0,0,0,0,0,0,0,513374027.186,1.042769249814466
FS02APR18-d,0,0,0,0,0,0,0,0,0,985234.2009999999,453970.173,294762089.668,0,0,0,0,0,0,294762089.6679999,0.5987230105925911
GR09APR18-d,0,0,0,0,0,0,0,0,0,32250204.010999996,184213.49999999997,34154512.528,0,0,0,0,0,0,34154512.528,0.0693749070279662
CL01SEP18-d,0,0,0,0,0,0,0,0,0,40489705.095,2011845.5480000002,42618990.223000005,0,0,0,0.18,1.909,2.089,42618992.311999984,0.08656802309348437
GR10APR18-d,0,0,0,0,0,0,0,0,0,42255704.99300001,248188.719,16661340135.855001,0,0,0,1290.7569999999998,140.293,1431.0520000000001,16661341566.907013,33.84264440072944
GR04APR18-s,0.018,0.067,0.085,17658367.810999997,11943.567999999997,17670311.378999993,0,0,0,0,0,0,15.891,22.836000000000002,38.727000000000004,0,0,0,17670350.190999996,0.03589215043392141
CP02APR16-s,71206339.25299999,6029458.620000001,112351076.29799998,0.7160000000000002,2.059,153179605.34999996,0,0,0,0,0,0,0,0,0,0,0,0,265530681.64799997,0.5393479510884761
ZZ00AUG18-s,0,0,0,0,0,0,0,0,0,0,0,0,0.08,1.875,1.955,0,0,0,1.955,3.971010949972881e-09
GR03APR18-s,198813.231,1097.683,199910.90999999997,0,0,0,0,0,0,0,0,0,0.103,0.588,0.691,0,0,0,199911.60099999997,0.00040606197268419907
GR04APR18-d,0,0,0,0,0,0,0,0,0,1443643360.9430003,6597452.625000001,1629619821.84,0,0,0,0,0,0,1629619821.8400002,3.3100962438974397
GR10APR18-s,17.924,215.92100000000002,241391298.25800002,0,0,0,0,0,0,0,0,0,0.40900000000000003,6.422000000000001,6.831,0,0,0,241391305.08900002,0.4903158648269378
CL01APR18-d,0,0,0,0,0,0,0,0,0,628864367.285,1559456.412,662078419.6440002,0,0,0,0,0,0,662078419.6440002,1.3448187489243295
CP03APR18-d,0,0,0,0,0,0,0,0,0,602903011.9160001,131965076.27000001,815560176.6170001,0,0,0,0,0,0,815560176.617,1.6565720673697815
CL08APR18-d,0,0,0,0,0,0,0,0,0,0,0,0,0,0,0,89.31400000000001,57.25699999999999,172.764,172.764,3.5091955793407406e-07
CL03APR18-d,0,0,0,0,0,0,0,0,0,197223975.89600003,2695416.0190000003,218630312.53599998,0,0,0,0,0,0,218630312.536,0.44408356269895094
CP02APR16-d,0,0,0,0,0,0,0,0,0,14572.102,302.31,5932778.401999999,0,0,0,0,0,0,5932778.402,0.012050704858365527
FS04APR18-d,0,0,0,0,0,0,0,0,0,35570376.434,113131.944,46941882.361999996,0,0,0,0,0,0,46941882.36199997,0.09534871042037887
FJSE-s,2179888.9499999997,70979.22600000001,2254251.802,15561681.062000005,103852.33600000001,15824219.380999995,0,0,0,0,0,0,0.591,7.144,7.734,0,0,0,18078478.917000003,0.03672114462315134
CP01APR18-s,0,0,0,0,0,0,0,0,0,0,0,0,63.134,57.794999999999995,24856.707,0,0,0,24856.707,5.048913333875577e-05
CP02JUN18-d,0,0,0,0,0,0,0,0,0,14587.62,17013.573,8209852.458999999,0,0,0,0,0,0,8209852.459000001,0.016675915095831603
GR11APR18-d,0,0,0,0,0,0,0,0,0,5819043477.851,49595668.56,7492446152.162,0,0,0,0,0,0,7492446152.161997,15.21871391934397
CP01MAY18-d,0,0,0,0,0,0,0,0,0,228499.373,89112.12700000002,84002170.48999998,0,0,0,0,0,0,84002170.48999998,0.17062585106766173
FJSE-d,0,0,0,0,0,0,0,0,0,5012004.779999999,18981.721,5031200.879,0,0,0,0.5980000000000001,1.8099999999999996,20.415000000000003,5031221.293999999,0.010219455166348194
FJTEST4-d,0,0,0,0,0,0,0,0,0,67708.641,650.298,68358.938,0,0,0,0,0,0,68358.938,0.0001388511976094717
CL01APR18-s,0,0,0,0,0,0,0,0,0,0,0,0,0.29900000000000004,2.94,3.239,0,0,0,3.239,6.579081568778598e-09
GR01SEP18-d,0,0,0,0,0,0,0,0,0,22345.147,17517.963000000003,5588361243.748,0,0,0,0,0,0,5588361243.748,11.351122092750575
FS01APR18-d,0,0,0,0,0,0,0,0,0,750311579.7820003,12815065.26300002,907541156.9780004,0,0,0,0,0,0,907541156.9779999,1.8434045380617363
GR06APR18-s,0,0,0,0,0,0,0,0,0,0,0,0,32.635,91.738,124.372,0,0,0,124.372,2.526253574782747e-07
GR02APR18-d,0,0,0,0,0,0,0,0,0,36936245.91599999,42570.642,37036812.745,0,0,0,0,0,0,37036812.74500001,0.07522945726981596
CP01SEP18-d,0,0,0,0,0,0,0,0,0,4208.639,3.7849999999999984,4212.4220000000005,0,0,0,0,0,0,4212.4220000000005,8.55630377898039e-06
ZZ00AUG18-d,0,0,0,0,0,0,0,0,0,0,0,0,0,0,0,0.6120000000000001,4.745,5.355,5.355,1.0877116949925716e-08
CL10APR18-d,0,0,0,0,0,0,0,0,0,8514604.297999999,219492.50699999998,25909843.589,0,0,0,0,0,0,25909843.58900001,0.05262827243171543
YG01APR18-d,0,0,0,0,0,0,0,0,0,4230517.776,11671.775000000003,15432909.787,0,0,0,6386.002999999999,9456.747,22465.656,15455375.442999998,0.03139307678777235
CP01APR18-d,0,0,0,0,0,0,0,0,0,35418.90699999999,919.2100000000002,91932972.89099999,0,0,0,10766.370000000003,7459.594,18225.967999999997,91951198.859,0.1867719782773518
GR03APR18-d,0,0,0,0,0,0,0,0,0,12579071.985000001,16753.928,12624859.209999999,0,0,0,0.109,0.119,0.229,12624859.439000007,0.02564371103536445
SP02APR18-d,0,0,0,0,0,0,0,0,0,1067505322.351,4609364.858,1392550440.615,0,0,0,111.826,30.290000000000003,142.117,1392550582.7319994,2.828559392542141
GR01APR18-d,0,0,0,0,0,0,0,0,0,459731481.908,2938917.247,665736368.941,0,0,0,127.727,111.401,239.127,665736608.068,1.3522492892254894
CL10APR18-s,0,0,0,1704998.6320000002,57685.719,40691896.098,0,0,0,0,0,0,0,0,0,0,0,0,40691896.098,0.08265369052701622
GR03AUG18-d,0,0,0,0,0,0,0,0,0,77712.183,174053.49599999996,200492708.984,0,0,0,0,0,0,200492708.984,0.40724232366505886
GR06APR18-d,0,0,0,0,0,0,0,0,0,266285942.49899998,1997960.4019999995,1240840027.8050005,0,0,0,69014.22499999996,8187.330000000002,88825.03199999998,1240928852.837,2.5205841753212335
XX00SEP18-d,0,0,0,0,0,0,0,0,0,101385958.12299997,78549.47400000002,101464507.60000001,0,0,0,1.1680000000000001,5.7700000000000005,6.9369999999999985,101464514.53699997,0.206095497831258
GR08APR18-d,0,0,0,0,0,0,0,0,0,914788260.4010001,4609733.374,2117289646.9399998,0,0,0,0,0,0,2117289646.9399998,4.300654921873633
CP02APR18-d,0,0,0,0,0,0,0,0,0,238865.271,18600.117000000002,365594.778,0,0,0,0,0,0,365594.77799999993,0.0007425989087933013
GR01APR18-s,0.422,15.838999999999999,4048.708,53673.89000000001,466.753,54140.643,0,0,0,0,0,0,0.0,0.072,0.072,0,0,0,58189.422999999995,0.00011819480097473338
SP02APR18-s,0.117,2.165,2257.25,0,0,0,0,0,0,0,0,0,0.234,4.358,7271.33,0,0,0,9528.58,1.9354524561479585e-05
