SP01APR18-d,0,0,0,0,0,0,0,0,0,724250154.8340001,5028676.722000002,731666955.8509998,0,0,0,474.239,49.979,647.5699999999999,731667603.421,2.3499857982574954
GR02AUG18-d,0,0,0,0,0,0,0,0,0,2623291.04,11093.546,7432796.695999999,0,0,0,0,0,0,7432796.696,0.023872816830028183
GR03AUG18-d,0,0,0,0,0,0,0,0,0,0.011,0.045000000000000005,2908.57,0,0,0,0,0,0,2908.57,9.341807893747761e-06
CL04APR18-d,0,0,0,0,0,0,0,0,0,19037.921000000002,172.736,1300578.9200000002,0,0,0,1.055,11.703,429.546,1301008.466,0.004178607067222541
CL09APR18-d,0,0,0,0,0,0,0,0,0,214768246.42299995,19842858.477999993,3400010795.0230002,0,0,0,0,0,0,3400010795.0230007,10.92022804463137
CL02APR18-d,0,0,0,0,0,0,0,0,0,5716188.569,14471.485,26252352.343000006,0,0,0,0.071,0.131,0.202,26252352.544999998,0.08431787243708423
GR05APR18-d,0,0,0,0,0,0,0,0,0,1371583389.4850004,9882592.103999998,1667157144.458,0,0,0,27.246,32.43899999999999,494.815,1667157639.273,5.354612883541531
SP01APR18-s,13381.318000000001,5160.991,18542.311,3469.6710000000003,659.4809999999999,340099005.96,0,0,0,0,0,0,0,0,0,0,0,0,340117548.27099997,1.0923968813678757
GR02APR18-s,4674803.417,177802.811,4853029.629,0,0,0,0,0,0,0,0,0,0,0,0,0,0,0,4853029.629,0.01558706529214836
GR05APR18-s,0.20600000000000002,5.021000000000001,4998848.75,0,0,0,0,0,0,0,0,0,0.193,2.843,21995791.22,0,0,0,26994639.97,0.08670196720746785
CL02APR18-s,0,0,0,10700969.867999999,340108.229,13344289.283,0,0,0,0,0,0,0,0,0,0,0,0,13344289.283,0.042859476292605315
CL09APR18-s,0.729,12.128,12.856,0,0,0,0,0,0,0,0,0,0,0,0,0,0,0,12.856,4.129117823604768e-08
admin-d,0,0,0,0,0,0,0,0,0,18.018,2.508,20.527,0,0,0,0,0,0,20.527,6.592906157835647e-08
GR02MAY18-d,0,0,0,0,0,0,0,0,0,0.002,0.02,0.023,0,0,0,0.121,0.174,0.295,0.318,1.0213592625282485e-09
FS02APR18-d,0,0,0,0,0,0,0,0,0,275535.148,126190.40600000002,81210579.25299999,0,0,0,0,0,0,81210579.25299998,0.26083389099162246
GR09APR18-d,0,0,0,0,0,0,0,0,0,32172956.988000005,163837.19400000002,35724550.695,0,0,0,418.125,393.476,863.0580000000001,35725413.753000006,0.11474365485622841
CL01MAY18-s,7.979,10.574,18.554,15.019,7.498999999999998,14361895.068,0,0,0,0,0,0,0,0,0,0,0,0,14361913.622,0.04612790410522115
GR10APR18-d,0,0,0,0,0,0,0,0,0,40859469.355999984,1008649.9200000004,12209473583.514996,0,0,0,1490.657,103.23700000000001,2250.802999999999,12209475834.318005,39.214657968539335
GR07APR18-d,0,0,0,0,0,0,0,0,0,67999753.31600001,227195.54200000007,68320356.815,0,0,0,0,0,0,68320356.815,0.21943279639067673
GR12APR18-d,0,0,0,0,0,0,0,0,0,0,0,0,0,0,0,6.1320000000000014,12.376000000000001,1090.444,1090.444,3.5023115712841296e-06
CP02APR16-s,117993256.25100002,9757381.654,159126627.885,0,0,0,0,0,0,0,0,0,0,0,0,0,0,0,159126627.885,0.5110863374378322
GR04APR18-d,0,0,0,0,0,0,0,0,0,334641.567,7012.476,9113789.226,0,0,0,0,0,0,9113789.226,0.029271864914167472
GR03APR18-s,0,0,0,0,0,0,0,0,0,0,0,0,2.068,4770.374,4772.442,0,0,0,4772.442,1.5328232206222762e-05
CL01APR18-d,0,0,0,0,0,0,0,0,0,54.98500000000001,18.842,920.214,0,0,0,0.239,0.722,501.22,1421.434,4.565392396140183e-06
CP03APR18-d,0,0,0,0,0,0,0,0,0,298973025.852,20251768.455000002,335676829.47400004,0,0,0,0,0,0,335676829.4740003,1.078134084903728
CL08APR18-d,0,0,0,0,0,0,0,0,0,0,0,0,0,0,0,486.168,436.976,967.2840000000001,967.2840000000001,3.106743625457152e-06
CL03APR18-d,0,0,0,0,0,0,0,0,0,242390699.45299998,2134120.182,244525304.34399998,0,0,0,0,0,0,244525304.34399995,0.7853716494159853
CP02APR16-d,0,0,0,0,0,0,0,0,0,0,0,0,0,0,0,0.07,0.124,0.194,0.194,6.230933865738371e-10
GR06APR18-s,0,0,0,0,0,0,0,0,0,0,0,0,57.153999999999996,67.77199999999999,24606.155,0,0,0,24606.155,7.903057963665338e-05
FS04APR18-d,0,0,0,0,0,0,0,0,0,125579197.183,341282.97800000006,164676068.637,0,0,0,0,0,0,164676068.63700002,0.5289101510035772
FJSE-s,3629956.542,120497.678,3750454.2200000007,10797982.288000003,105982.88099999998,10903965.166000001,544104.492,35844.927,579949.42,0,0,0,0.607,6.795,7.4030000000000005,0,0,0,15234376.208999999,0.0489300982701325
CL01MAY18-d,0,0,0,0,0,0,0,0,0,37163.73599999999,7.978999999999999,193309.41300000003,0,0,0,0,0,0,193309.41300000003,0.0006208753443441781
GR11APR18-d,0,0,0,0,0,0,0,0,0,3993650048.869,66198172.528000005,7788637631.629997,0,0,0,24.27,6.991,120.13,7788637751.759995,25.015714812066868
CP01MAY18-d,0,0,0,0,0,0,0,0,0,13734.152,9607.797,1640053715.1070004,0,0,0,0.35700000000000004,0.534,320.571,1640054035.6780005,5.267560944611825
FJSE-d,0,0,0,0,0,0,0,0,0,17163181.136,138827.981,20810064.344,0,0,0,1.191,6.170999999999999,7.361,20810071.70499996,0.06683823738924129
FJTEST4-d,0,0,0,0,0,0,0,0,0,68917.536,638.441,69564.364,0,0,0,0,0,0,69564.364,0.00022342832551348
CP02JUN18-d,0,0,0,0,0,0,0,0,0,6667.433,7102.094000000001,3928034.8620000007,0,0,0,0,0,0,3928034.862,0.012616147137853995
FS01APR18-d,0,0,0,0,0,0,0,0,0,272508069.37099993,893379.424,419849092.9760001,0,0,0,0,0,0,419849092.976,1.348480377280256
GR10APR18-s,472670.20900000003,1111.309999999999,175410371.257,0,0,0,0,0,0,0,0,0,451.57699999999966,1839.7580000000005,104315.36,0,0,0,175514686.61699998,0.563721858132125
GR02APR18-d,0,0,0,0,0,0,0,0,0,10292144.967999998,16599.19,10315812.52,0,0,0,0.73,1.2570000000000001,1.9880000000000002,10315814.508000001,0.03313255565493423
CL10APR18-d,0,0,0,0,0,0,0,0,0,397115.541,5163.112,402278.65100000007,0,0,0,242.433,4.898,247.32999999999998,402525.981,0.0012928416323981754
YG01APR18-d,0,0,0,0,0,0,0,0,0,337667.305,380.60699999999997,6204727.432,0,0,0,709.5789999999998,515.438,1225.018,6205952.4499999955,0.019932412005086077
CP01APR18-d,0,0,0,0,0,0,0,0,0,1980.279,32.87,3178.813,0,0,0,0,0,0,3178.813,1.0209780193066695e-05
GR03APR18-d,0,0,0,0,0,0,0,0,0,10097478.728,20777.295,10238065.68,0,0,0,568.221,13.234,856.1169999999998,10238921.797000002,0.032885589986378395
SP02APR18-d,0,0,0,0,0,0,0,0,0,513048201.2349999,3306006.8759999997,696947829.8210001,0,0,0,1364.4560000000001,139.17499999999998,2575.073,696950404.8939999,2.238480350821698
GR01APR18-d,0,0,0,0,0,0,0,0,0,189018442.33499995,474806.00600000005,189496764.10499993,0,0,0,73.854,46.046,119.9,189496884.00500003,0.6086301814426033
GR12APR18-s,0,0,0,0,0,0,0,0,0,0,0,0,0.352,3.276,3.628,0,0,0,3.628,1.165248869324681e-08
GR06APR18-d,0,0,0,0,0,0,0,0,0,266692765.87699997,2541767.526,444835643.337,0,0,0,633.825,27.232,721.3489999999999,444836364.68599993,1.4287350357906914
GR08APR18-d,0,0,0,0,0,0,0,0,0,4716532.391000001,18455.982999999997,170830212.806,0,0,0,0,0,0,170830212.806,0.5486761640537104
CP02APR18-d,0,0,0,0,0,0,0,0,0,2.511,10.546999999999999,20380.804,0,0,0,0,0,0,20380.803999999996,6.54595061106062e-05
SP02APR18-s,543.736,851.479,7386.1,109.238,28.736,618.61,0,0,0,0,0,0,0,0,0,0,0,0,8004.71,2.5709700321863195e-05
