SP01APR18-d,0,0,0,0,0,0,0,0,0,2297380055.769,26182815.718000006,2706643023.74,0,0,0,0,0,0,2706643023.7399974,5.295775829951161
GR02AUG18-d,0,0,0,0,0,0,0,0,0,1217111810.9460003,11468700.441,2164632517.4420004,0,0,0,20491.529999999995,1589.6109999999999,22245.931999999997,2164654763.3739996,4.235329991993017
GR03AUG18-d,0,0,0,0,0,0,0,0,0,329869.517,33632.679,498512650.013,0,0,0,0,0,0,498512650.01300013,0.9753821319280671
ZZ00SEP18-d,0,0,0,0,0,0,0,0,0,15759934.984000007,32046.414000000004,15906853.283999994,0,0,0,0.532,0.45699999999999996,0.9890000000000001,15906854.273000013,0.03112310476507112
CL06APR18-s,6441.154,1125.13,7566.284,0,0,0,0,0,0,0,0,0,0,0,0,0,0,0,7566.284,1.480407411627522e-05
XX00SEP18-s,0,0,0,1846542.1610000005,443971.79500000004,3820632.909,0,0,0,0,0,0,0,0,0,0,0,0,3820632.909,0.007475391190168939
CL01AUG18-s,661749.884,13682.936,675432.82,91465.486,971.31,92436.795,0,0,0,0,0,0,0,0,0,0,0,0,767869.6149999999,0.0015024017988348993
CL01MAY18-d,0,0,0,0,0,0,0,0,0,46.031,0.07600000000000001,46.10600000000001,0,0,0,0,0,0,46.10600000000001,9.021028568382914e-08
CL02APR18-d,0,0,0,0,0,0,0,0,0,33193914.97000001,109333.28499999999,47519330.985,0,0,0,0,0,0,47519330.98499999,0.09297558720473001
GR05APR18-d,0,0,0,0,0,0,0,0,0,1616890668.4760003,15796458.999000004,2332668795.8239994,0,0,0,11.198999999999998,30.939000000000004,42.13200000000002,2332668837.9559994,4.564063728750627
CL04APR18-d,0,0,0,0,0,0,0,0,0,4229662.145,13035.133999999998,10335367.873,0,0,0,0,0,0,10335367.873,0.020222020745039676
ZZ00SEP18-s,5238118.505,89682.899,5327801.401,13957048.705000006,1353994.9859999998,15872686.243999992,5409041.1899999995,113000.60900000003,6240021.202999999,0,0,0,0.099,1.885,1.985,0,0,0,27440510.832999997,0.053689678600510514
GR02AUG18-s,0,0,0,305745.6980000001,4056.373,170397429.40199998,0,0,0,0,0,0,0,0,0,0,0,0,170397429.40199998,0.33339697189399475
SP01APR18-s,0.174,0.924,46717120.96,85994473.675,1421620.161,262832703.08199996,0,0,0,0,0,0,13144.235,556.726,13700.961,0,0,0,309563525.003,0.6056871996662866
GR02APR18-s,0,0,0,121137613.92399998,401432.3069999999,197994449.78199998,0,0,0,0,0,0,0,0,0,0,0,0,197994449.78199998,0.38739287465073474
CL02APR18-s,42916908.865,1762257.301,44679166.166,0,0,0,0,0,0,0,0,0,0,0,0,0,0,0,44679166.166,0.0874185646976561
CL01MAY18-s,0,0,0,852390.02,35216.63400000002,15025681.615000006,0,0,0,0,0,0,0,0,0,0,0,0,15025681.615000006,0.029399015986713427
GR02MAY18-d,0,0,0,0,0,0,0,0,0,34438557.809000015,733679.6230000004,87224196.553,0,0,0,0,0,0,87224196.55300006,0.1706615123755823
FS02APR18-d,0,0,0,0,0,0,0,0,0,316594.992,137533.484,125732222.635,0,0,0,0,0,0,125732222.63499992,0.2460057199402713
GR09APR18-d,0,0,0,0,0,0,0,0,0,21304338.082000002,150889.48299999998,43767490.34599999,0,0,0,0,0,0,43767490.34600001,0.08563479390484739
CL01SEP18-d,0,0,0,0,0,0,0,0,0,45871662.370999984,678873.2230000002,90548016.81500003,0,0,0,0,0,0,90548016.81500001,0.17716484763339507
GR10APR18-d,0,0,0,0,0,0,0,0,0,229995873.974,1879632.8730000004,6288050581.970999,0,0,0,20.591,37.966,663.88,6288051245.850998,12.30310370196452
YG01APR18-d,0,0,0,0,0,0,0,0,0,1.0370000000000001,0.895,63573635.519999996,0,0,0,0,0,0,63573635.519999996,0.1243871908692757
GR04APR18-s,0,0,0,12626548.372,77751.49,12704299.859000001,0,0,0,0,0,0,0,0,0,0,0,0,12704299.859000001,0.024857036387746063
GR07APR18-d,0,0,0,0,0,0,0,0,0,3538175.1479999996,41541.146,3986335.596000001,0,0,0,0.067,0.158,2270.65,3988606.246,0.007804045220404398
CP02APR16-s,2.2739999999999996,7.730000000000001,110222459.41,579041617.4499998,6201943.516999999,893007593.7049999,0,0,0,0,0,0,0,0,0,0,0,0,1003230053.1149999,1.9629043876742116
FS06APR18-d,0,0,0,0,0,0,0,0,0,1409467.626,4089.9219999999996,256209161.63900003,0,0,0,0,0,0,256209161.63900006,0.5012948784598219
GR03APR18-s,0,0,0,4131477.3200000003,11211.53,4142688.8569999994,0,0,0,0,0,0,0,0,0,0,0,0,4142688.8569999994,0.008105520871235533
GR04APR18-d,0,0,0,0,0,0,0,0,0,2647408692.5579996,16635821.444,3319532072.6170006,0,0,0,0,0,0,3319532072.616998,6.494945052865414
CL01AUG18-d,0,0,0,0,0,0,0,0,0,10801830.168000001,190921.951,19859439.4,0,0,0,11519.071000000002,24577.112,36096.183000000005,19895535.583,0.03892729685453559
GR10APR18-s,3516772.699,1213.1339999999996,194204045.11300004,0,0,0,0,0,0,0,0,0,0,0,0,0,0,0,194204045.11300004,0.3799766275668887
CL02NOV18-d,0,0,0,0,0,0,0,0,0,75037.79100000001,8.991,75046.779,0,0,0,0,0,0,75046.779,0.00014683536574938594
CP03APR18-d,0,0,0,0,0,0,0,0,0,606380962.6860001,202282995.868,1277486998.6130004,0,0,0,0,0,0,1277486998.6129985,2.499511280576411
CL08APR18-d,0,0,0,0,0,0,0,0,0,0,0,0,0,0,0,2125.175,420.51,2545.685,2545.685,4.980847853013459e-06
CL01APR18-d,0,0,0,0,0,0,0,0,0,12.013000000000002,10.594999999999999,204075.25,0,0,0,0,0,0,204075.25,0.0003992904742007298
ZZ00AUG18-d,0,0,0,0,0,0,0,0,0,5.813,29.162,127.05300000000001,0,0,0,0.431,2.232,2.6630000000000003,129.716,2.538003170468828e-07
CP02APR16-d,0,0,0,0,0,0,0,0,0,123137695.04200001,307870.54800000007,136766375.41300002,0,0,0,0,0,0,136766375.41299996,0.2675949724102839
FS04APR18-d,0,0,0,0,0,0,0,0,0,87958696.654,193601.87699999998,116224429.10599999,0,0,0,0,0,0,116224429.10599999,0.227402918342346
CL09APR18-d,0,0,0,0,0,0,0,0,0,197733521.56,12962003.884999998,971029588.306,0,0,0,0,0,0,971029588.306,1.899901456828509
CL03NOV18-d,0,0,0,0,0,0,0,0,0,1.3410000000000002,12.209,13.552,0,0,0,0,0,0,13.552,2.651563335763788e-08
FJSE-s,0,0,0,48.458,866.6089999999999,915.0690000000001,0,0,0,0,0,0,0,0,0,0,0,0,915.0690000000001,1.7904098362559286e-06
CP02JUN18-d,0,0,0,0,0,0,0,0,0,3488.2520000000004,4001.568,4813025.16,0,0,0,0,0,0,4813025.16,0.009417090502040024
GR11APR18-d,0,0,0,0,0,0,0,0,0,6630737863.931,55102833.35,7721153387.235,0,0,0,0,0,0,7721153387.234997,15.10708916130512
CP01APR18-d,0,0,0,0,0,0,0,0,0,19803897.325999998,149217.053,20710564.710000005,0,0,0,0,0,0,20710564.71,0.04052197022432069
FJSE-d,0,0,0,0,0,0,0,0,0,3.928,3.786,7.7139999999999995,0,0,0,0.073,0.082,0.155,7.869000000000001,1.5396363554549328e-08
CL01APR18-s,0,0,0,0,0,0,0,0,0,0,0,0,0.212,1.803,2.015,0,0,0,2.015,3.942517799265078e-09
CP02APR18-d,0,0,0,0,0,0,0,0,0,12974014.496,498063.885,13523220.955000002,0,0,0,0,0,0,13523220.955,0.026459324723812398
FS01APR18-d,0,0,0,0,0,0,0,0,0,3007142179.4690003,21017918.182000004,3062307874.2129993,0,0,0,0,0,0,3062307874.2130003,5.991664169188266
GR06APR18-s,1240185.955,214064.45299999998,1454250.4079999998,0,0,0,0,0,0,0,0,0,686.774,21278.752,23349.363,0,0,0,1477599.771,0.0028910488324354854
GR02APR18-d,0,0,0,0,0,0,0,0,0,1400246666.3219998,8088120.894999999,1726844987.4109998,0,0,0,0,0,0,1726844987.4109995,3.378718163493571
CP01SEP18-d,0,0,0,0,0,0,0,0,0,0.015,0.041999999999999996,107718.51999999999,0,0,0,0,0,0,107718.51999999999,0.00021076038829304775
CL03APR18-d,0,0,0,0,0,0,0,0,0,141448190.322,2003561.83,143451752.15,0,0,0,0,0,0,143451752.15,0.2806754770159491
CL10APR18-d,0,0,0,0,0,0,0,0,0,1016674.882,22699.837000000003,2153804.784,0,0,0,0,0,0,2153804.784,0.0042141010903534865
CL02AUG18-d,0,0,0,0,0,0,0,0,0,241262663.68799996,683096.0590000001,999687139.6560001,0,0,0,0,0,0,999687139.6560003,1.95597237805964
CP01MAY18-d,0,0,0,0,0,0,0,0,0,21290958.589999996,118802.616,29485429.917999994,0,0,0,4325.708999999999,3048.6180000000004,43708.738,29529138.656000003,0.05777625545818683
GR03APR18-d,0,0,0,0,0,0,0,0,0,611536982.0929999,2434951.515,614427107.1020002,0,0,0,869.373,81.682,951.055,614428058.1570001,1.2021804246411172
SP02APR18-d,0,0,0,0,0,0,0,0,0,1229863709.0020003,4907661.415999998,1504408153.0920002,0,0,0,30617.949000000004,648.3530000000001,83387.527,1504491540.6189988,2.9436648524735194
GR01APR18-d,0,0,0,0,0,0,0,0,0,2293793879.1610003,19984093.597000003,2314352948.8890004,0,0,0,0,0,0,2314352948.889,4.528227143809679
GR01AUG18-d,0,0,0,0,0,0,0,0,0,0,0,0,0,0,0,794.2710000000001,91.133,8339.045,8339.045,1.6316046323261763e-05
GR06APR18-d,0,0,0,0,0,0,0,0,0,254487222.7429999,4138492.5169999995,414515423.22200006,0,0,0,165289.31400000013,32779.16800000001,215417.983,414730841.205,0.8114559421116083
XX00SEP18-d,0,0,0,0,0,0,0,0,0,28841187.673,25136.80000000001,71927461.47000001,0,0,0,0.062,0.07300000000000001,0.135,71927461.60499999,0.14073215763457464
GR08APR18-d,0,0,0,0,0,0,0,0,0,1760005633.4769998,6126680.887999999,4676570158.573,0,0,0,0,0,0,4676570158.572999,9.150104759149357
GR01SEP18-d,0,0,0,0,0,0,0,0,0,15515124.878999999,332330.04,5198526672.714001,0,0,0,190.576,71.277,261.852,5198526934.566005,10.171357304955531
GR01APR18-s,0,0,0,5165812.243000001,367694.2840000001,5936891.6680000005,0,0,0,0,0,0,0,0,0,0,0,0,5936891.6680000005,0.011616030309378926
SP02APR18-s,0,0,0,12444437.015999999,690463.6769999999,22206277.757999994,0,0,0,0,0,0,373.166,78.519,451.689,0,0,0,22206729.446999997,0.043449342981767454
