SP01APR18-d,0,0,0,0,0,0,0,0,0,4257096839.2859993,46699266.939,4959150883.786,0,0,0,0,0,0,4959150883.786002,8.158803811200636
GR02AUG18-d,0,0,0,0,0,0,0,0,0,1184480471.531,33314340.919999998,4963621405.275001,0,0,0,105490.534,8585.875,121308.71199999996,4963742713.986997,8.166358298374387
GR03AUG18-d,0,0,0,0,0,0,0,0,0,60890.08,15949.866000000002,364193585.6180001,0,0,0,0,0,0,364193585.6179998,0.5991719316445754
CL04APR18-d,0,0,0,0,0,0,0,0,0,18899492.970999997,368353.277,20482439.348,0,0,0,0.43899999999999995,1.7610000000000001,2.2,20482441.548,0.03369774908662124
GR02AUG18-s,0.202,9.633,68682.71,521918.654,21413.353999999996,264760402.61699995,0,0,0,0,0,0,0,0,0,0,0,0,264829085.32699996,0.43569727990069845
XX00SEP18-s,2037761.299,32368.930000000004,2070130.227,8957999.253999999,98282.66799999998,95794801.801,505495.213,33645.239,539140.452,0,0,0,0.102,1.668,1.77,0,0,0,98404074.25,0.16189455712136697
CL09APR18-d,0,0,0,0,0,0,0,0,0,445052375.29100007,23371205.625,2486432537.721,0,0,0,0,0,0,2486432537.7209997,4.090683211792909
CL02APR18-d,0,0,0,0,0,0,0,0,0,83693509.42900003,303621.231,161268110.671,0,0,0,0,0,0,161268110.671,0.26531858110418777
GR05APR18-d,0,0,0,0,0,0,0,0,0,1788960708.2769995,15988232.288000004,2630189782.820999,0,0,0,8.055,23.025999999999996,31.081999999999997,2630189813.903001,4.327192937003388
ZZ00SEP18-d,0,0,0,0,0,0,0,0,0,614083.1809999999,1737.011,615820.1950000001,0,0,0,0.377,0.445,0.822,615821.017,0.0010131498271093668
ZZ00SEP18-s,0.009,0.133,129042.84,10087475.186999993,2339077.4159999997,13209181.066999992,0,0,0,0,0,0,0,0,0,0,0,0,13338223.906999992,0.021944069579104778
CL06APR18-s,12115.461,259.59499999999997,12907.098,0,0,0,0,0,0,0,0,0,0,0,0,0,0,0,12907.098,2.1234780473859105e-05
GR02APR18-s,0,0,0,12795279.206000004,39584.79099999999,12834877.071000004,0,0,0,0,0,0,0,0,0,0,0,0,12834877.071000004,0.021115962473644563
CL02APR18-s,28395026.786999997,1246609.612,96498690.53,0,0,0,0,0,0,0,0,0,0,0,0,0,0,0,96498690.53,0.15875981645288634
CL01MAY18-s,0,0,0,420496.665,2710.523,512992.27999999997,0,0,0,0,0,0,0,0,0,0,0,0,512992.27999999997,0.0008439758070004938
GR02MAY18-d,0,0,0,0,0,0,0,0,0,13646466.493999993,961581.1140000002,14989017.055999996,0,0,0,0,0,0,14989017.055999998,0.024659957389576638
GR02APR18-d,0,0,0,0,0,0,0,0,0,2045583490.2789998,13333936.224000005,2719245934.6010003,0,0,0,0,0,0,2719245934.601,4.47370822439607
FS02APR18-d,0,0,0,0,0,0,0,0,0,398906.58399999986,200219.69900000005,231517891.71800002,0,0,0,0,0,0,231517891.71800008,0.3808936452177255
GR09APR18-d,0,0,0,0,0,0,0,0,0,32512794.710999995,146849.177,40191765.274000004,0,0,0,0,0,0,40191765.274000034,0.06612356336414772
GR10APR18-d,0,0,0,0,0,0,0,0,0,26298132.914000005,845685.1160000005,3549991587.437,0,0,0,102.822,44.788,147.609,3549991735.0460033,5.840452685624303
YG01APR18-d,0,0,0,0,0,0,0,0,0,608446.6690000001,83361.417,98060484.078,0,0,0,0,0,0,98060484.07799998,0.16132928196227267
GR04APR18-s,0,0,0,67079927.67600006,433821.012,67551557.65499996,0,0,0,0,0,0,1284.266,34.208999999999996,13362.537,0,0,0,67564920.19199996,0.11115792628295913
GR07APR18-d,0,0,0,0,0,0,0,0,0,263686249.03700003,874382.821,267867618.95800006,0,0,0,0,0,0,267867618.95799944,0.44069628080831624
CP02APR16-s,73.09100000000002,14.848,287691331.06799984,1148685711.5050004,6073937.560999997,1533372224.6680005,0,0,0,0,0,0,0,0,0,0,0,0,1821063555.7360005,2.99601698499533
FS06APR18-d,0,0,0,0,0,0,0,0,0,204753297.76599994,457675.073,2045761317.3729994,0,0,0,0,0,0,2045761317.3730004,3.3656901401328527
GR04APR18-d,0,0,0,0,0,0,0,0,0,2665084701.0789995,16420905.398000002,3408014633.0069995,0,0,0,0,0,0,3408014633.0069995,5.606871706064611
CL01AUG18-d,0,0,0,0,0,0,0,0,0,77897724.34799998,1226280.0869999998,98511840.14600001,0,0,0,0,0,0,98511840.14599995,0.16207185376420083
GR03APR18-s,14580.415,3.603,14584.018,315186.96400000004,909.62,316096.588,0,0,0,0,0,0,0,0,0,0,0,0,330680.60599999997,0.0005440363182624549
CL01APR18-d,0,0,0,0,0,0,0,0,0,187973949.161,1424714.9649999999,238974182.967,0,0,0,0,0,0,238974182.96700004,0.3931607487774622
CP03APR18-d,0,0,0,0,0,0,0,0,0,3442453601.3209977,82737611.23500001,4707815627.78,0,0,0,0,0,0,4707815627.779997,7.745306603181552
CL08APR18-d,0,0,0,0,0,0,0,0,0,0,0,0,0,0,0,16996.055,1541.58,18537.635000000002,18537.635000000002,3.0498149911740592e-05
ZZ00AUG18-d,0,0,0,0,0,0,0,0,0,2.724,17.051000000000002,79.72,0,0,0,0.538,0.5409999999999999,1.081,80.801,1.3293394820960446e-07
CP02APR16-d,0,0,0,0,0,0,0,0,0,364923354.113,918776.2720000001,757734623.3419998,0,0,0,0,0,0,757734623.3420004,1.2466263434359677
ZZ00AUG18-s,0,0,0,0,0,0,0,0,0,0,0,0,0.1,2.181,2.281,0,0,0,2.281,3.752705237139488e-09
FS04APR18-d,0,0,0,0,0,0,0,0,0,174885865.85299996,4630446.143,475928640.84800005,0,0,0,31068.819999999996,1027.916,50924.111999999994,475979564.9599999,0.7830824227079206
CL08APR18-s,0,0,0,41233.077999999994,13903.785,17573425.287,0,0,0,0,0,0,0,0,0,0,0,0,17573425.287,0.028911830385359234
CL03NOV18-d,0,0,0,0,0,0,0,0,0,61230573.31400002,531795.0600000002,61776047.786,0,0,0,0,0,0,61776047.786,0.10163406315488886
FJSE-s,0,0,0,200827.701,80.681,200908.382,0,0,0,0,0,0,0,0,0,0,0,0,200908.382,0.0003305348256539329
CP01MAY18-s,0.13,4.877,5.007,0,0,0,0,0,0,0,0,0,0,0,0,0,0,0,5.007,8.237525261884005e-09
CL01MAY18-d,0,0,0,0,0,0,0,0,0,25555.771999999997,112.71499999999995,25668.482999999993,0,0,0,0,0,0,25668.482999999993,4.222983366222091e-05
GR11APR18-d,0,0,0,0,0,0,0,0,0,5642127555.625,128547060.34500001,6422615813.901999,0,0,0,0,0,0,6422615813.901995,10.5664989044125
CP01MAY18-d,0,0,0,0,0,0,0,0,0,24553903.007999994,131229.67799999996,40865467.8,0,0,0,0.118,2.536,2.654,40865470.45399998,0.06723194431867371
FJSE-d,0,0,0,0,0,0,0,0,0,0,0,0,0,0,0,0.131,0.331,0.461,0.461,7.584380159234126e-10
FS05APR18-d,0,0,0,0,0,0,0,0,0,46107915.959,167387.58500000002,104539113.062,0,0,0,0,0,0,104539113.06200002,0.17198793383326813
FS01APR18-d,0,0,0,0,0,0,0,0,0,5755178802.038999,40798961.967,6031309186.803,0,0,0,0,0,0,6031309186.8029995,9.922720548936049
GR06APR18-s,12900.004,247294.224,260194.228,0,0,0,0,0,0,0,0,0,50146.458,112221.52999999998,259847.934,0,0,0,520042.1619999999,0.0008555742853444726
CL01SEP18-d,0,0,0,0,0,0,0,0,0,194843824.13900003,3708672.892000001,300547959.3,0,0,0,0,0,0,300547959.29999995,0.49446203457987536
CP01SEP18-d,0,0,0,0,0,0,0,0,0,8731.127,3.54,8734.667,0,0,0,0,0,0,8734.667,1.4370289607877887e-05
CL03APR18-d,0,0,0,0,0,0,0,0,0,165878190.433,2369309.053,168247499.487,0,0,0,0,0,0,168247499.487,0.27680108393708386
CL02AUG18-d,0,0,0,0,0,0,0,0,0,200338419.91,226342.177,1187785853.299,0,0,0,0,0,0,1187785853.2990003,1.954147388108441
CL02NOV18-d,0,0,0,0,0,0,0,0,0,5799894.277999998,921.5530000000002,5984482.447,0,0,0,0,0,0,5984482.4470000025,0.00984568111373356
CP01APR18-d,0,0,0,0,0,0,0,0,0,78672337.502,466978.1400000001,168952861.27699998,0,0,0,0,0,0,168952861.27699998,0.2779615464024109
GR03APR18-d,0,0,0,0,0,0,0,0,0,1008733699.6980001,2198067.1750000003,1012985277.2139999,0,0,0,0,0,0,1012985277.2139999,1.6665651709540437
GR10APR18-s,3939602.794,3866.345,151747047.89,0,0,0,0,0,0,0,0,0,0,0,0,0,0,0,151747047.89,0.24965451176556758
SP02APR18-d,0,0,0,0,0,0,0,0,0,957722133.1510003,6612129.699,1029741896.717,0,0,0,50976.659,634.8349999999999,67032.89800000002,1029808929.6150006,1.6942434736603347
GR01APR18-d,0,0,0,0,0,0,0,0,0,2301128571.0769997,18345573.883,2330314660.838,0,0,0,0.162,0.137,0.299,2330314661.137,3.8338378049240474
GR01AUG18-d,0,0,0,0,0,0,0,0,0,0,0,0,0,0,0,54.891999999999996,18.733999999999998,836.99,836.99,1.3770174293877161e-06
GR06APR18-d,0,0,0,0,0,0,0,0,0,251177017.56099993,4331224.399999996,1071013770.319,0,0,0,49885.98199999999,25255.283000000003,75147.51099999997,1071088917.8300002,1.7621573833330593
XX00SEP18-d,0,0,0,0,0,0,0,0,0,286242533.3119999,594078.6020000003,440613585.7499998,0,0,0,0,0,0,440613585.74999994,0.7248982511174195
GR08APR18-d,0,0,0,0,0,0,0,0,0,472153717.13,1594418.6700000002,2859810256.017,0,0,0,0,0,0,2859810256.017,4.704964894774317
GR01SEP18-d,0,0,0,0,0,0,0,0,0,17351441.494,7361791.155,687828276.7219999,0,0,0,14.836,15.571,2416.549,687830693.2710003,1.1316202739602665
GR01APR18-s,0,0,0,2299515.131,31882.422,2421928.6600000006,0,0,0,0,0,0,0,0,0,0,0,0,2421928.6600000006,0.0039845613180009756
SP02APR18-s,0,0,0,34444079.302,2176160.4560000002,69099775.68299995,0,0,0,0,0,0,1013.2090000000001,1382.304,2395.5119999999997,0,0,0,69102171.19499996,0.11368701435387368
