NIa,0,0,0,0,0,0,0,0,0,0,0,0,0,0,0,0.063,0.06,0.124,0,0,0,0,0,0,0.28,1.336,58344.868,0,0,0,0,0,0,25009.516,279.231,31441.2,24111.393,268.235,24379.628,0,0,0,85646.739,652.904,86299.643,0,0,0,0,0,0,0,0,0,0,0,0,0,0,0,0,0,0,0,0,0,0,0,0,0,0,0,0,0,0,0,0,0,0,0,0,0,0,0,0,0,0,0,0,0,200465.463,0.35058855260770777
CFb,0,0,0,0,0,0,0,0,0,0,0,0,0,0,0,0,0,0,0,0,0,0,0,0,0,0,0,71612.232,393.697,72005.929,0,0,0,0,0,0,599309.158,3257.925,602567.083,0,0,0,0,0,0,0,0,0,0,0,0,0,0,0,0,0,0,0,0,0,0,0,0,0,0,0,0,0,0,0,0,0,0,0,0,0,0,0,0,0,0,0,0,0,0,0,0,0,0,0,674573.012,1.1797422476973098
MHa,0,0,0,0,0,0,0,0,0,0,0,0,0,0,0,0,0,0,0,0,0,0,0,0,469647.903,7676.966,2065767.3850000002,0.049,0.031,95060.772,0.184,0.32400000000000007,5788.014999999999,204631.233,3535.2940000000003,305942.028,0.069,0.181,248904.98,8770.924,174.723,166367.581,30284.165,334.704,30618.87,0,0,0,0,0,0,0,0,0,0,0,0,0,0,0,0,0,0,0,0,0,0,0,0,0,0,0,0,0,0,0,0,0,0,0,0,0,0,0,0,0,0,0,0,0,2918449.6310000005,5.10399655221802
fjse,6299.116999999999,1291.8690000000001,13779.462,1.99,8.031,10.021,0,0,0,0.052,0.034,0.086,0,0,0,87.402,75.937,163.33899999999997,0,0,0,0,0,0,11761.240000000002,50.33399999999999,11811.574,462.216,10.982999999999999,4844.195000000001,6178.286999999999,72.08599999999998,7566.750999999999,11447.303000000004,89.232,11600.307999999999,0,0,0,0,0,0,0,0,0,0,0,0,0,0,0,0,0,0,0,0,0,0,0,0,0,0,0,0,0,0,0,0,0,0,0,0,0,0,0,0,0,0,0,0,0,0,0,0,0,0,0,0,0,0,49775.73599999999,0.08705142012029958
GEb,0,0,0,0,0,0,0,0,0,0,0,0,0,0,0,0,0,0,0,0,0,0,0,0,0,0,0,82.574,4.561,15546.132000000001,0,0,0,0.555,0.3480000000000001,7156729.52,0.246,0.161,100542.33499999999,0,0,0,0,0,0,0,0,0,0,0,0,0,0,0,0,0,0,0,0,0,0,0,0,0,0,0,0,0,0,0,0,0,0,0,0,0,0,0,0,0,0,0,0,0,0,0,0,0,0,0,7272817.987,12.719231997791224
RFa,0,0,0,2.235,383.972,275058.24,0,0,0,0,0,0,0,0,0,0,0,0,0,0,0,0,0,0,191421.721,76469.401,2191857.2,0,0,0,0,0,0,0,0,0,0,0,0,0,0,0,0,0,0,0,0,0,0,0,0,0,0,0,0,0,0,0,0,0,0,0,0,0,0,0,0,0,0,0,0,0,0,0,0,0,0,0,0,0,0,0,0,0,0,0,0,0,0,0,2466915.4400000004,4.314320784100385
FIa,354772.71199999994,11805.599999999997,366578.313,2718.3979999999997,515.8,3234.1959999999995,0,0,0,0,0,0,0,0,0,0,0,0,0,0,0,0,0,0,0,0,0,0,0,0,0,0,0,0,0,0,0,0,0,0,0,0,0,0,0,0,0,0,0,0,0,0,0,0,0,0,0,0,0,0,0,0,0,0,0,0,0,0,0,0,0,0,0,0,0,0,0,0,0,0,0,0,0,0,0,0,0,0,0,0,369812.509,0.6467549588156984
FIg,0,0,0,0,0,0,0,0,0,0,0,0,0,0,0,0,0,0,0,0,0,0,0,0,0,0,0,0,0,0,0,0,0,0,0,0,0,0,0,0,0,0,1.622,15.111,26.241,0,0,0,0,0,0,0,0,0,0,0,0,0,0,0,0,0,0,0,0,0,0,0,0,0,0,0,0,0,0,0,0,0,0,0,0,0,0,0,0,0,0,0,0,0,26.241,4.589216551969783e-05
FMd,0,0,0,0,0,0,0,0,0,0,0,0,0,0,0,0,0,0,0,0,0,0,0,0,0,0,0,20748462.116,167118.19,20915580.306,0.173,0.336,22251612.44,0,0,0,0,0,0,0,0,0,0,0,0,0,0,0,0,0,0,0,0,0,0,0,0,0,0,0,0,0,0,0,0,0,0,0,0,0,0,0,0,0,0,0,0,0,0,0,0,0,0,0,0,0,0,0,0,0,43167192.74600001,75.49391999238335
ZZa,0,0,0,0.257,3.096,183.93,0,0,0,0.486,0.74,1.226,0,0,0,0.149,0.287,0.437,0,0,0,0,0,0,1.088,4.258,5.345000000000001,0,0,0,0,0,0,0,0,0,0,0,0,0,0,0,0,0,0,0,0,0,0,0,0,0,0,0,0,0,0,0,0,0,0,0,0,0,0,0,0,0,0,0,0,0,0,0,0,0,0,0,0,0,0,0,0,0,0,0,0,0,0,0,190.93800000000002,0.0003339262337563379
FMa,0,0,0,355.218,7680.648,8035.866,0,0,0,0,0,0,0,0,0,0,0,0,0,0,0,0,0,0,30647.126,48.376999999999995,30695.504,0,0,0,0,0,0,0,0,0,20716.28,27.052,20743.332,0,0,0,0,0,0,0,0,0,0,0,0,0,0,0,0,0,0,0,0,0,0,0,0,0,0,0,0,0,0,0,0,0,0,0,0,0,0,0,0,0,0,0,0,0,0,0,0,0,0,0,59474.70199999999,0.10401367586672394
