SP01APR18,20000.0,24764.82508024306,24764.82508024306,0,123.82
GR03AUG18,20000.0,4829.5609191666645,4829.5609191666645,0,24.15
GR03AUG18,0.0,0,0,0,0.00
SP01APR18,20000.0,804.3290755555556,804.3290755555556,0,4.02
CL03APR18,50.0,0,0,0,0.00
CL03APR18,100.0,671.6856805555557,671.6856805555557,0,671.69
ZZ00AUG18,100.0,0.1866185339506173,0,0.1866185339506173,0.19
CP02JUN18,10000.0,0,0,0,0.00
FS01APR18,0.0,0,0,0,0.00
FS01APR18,63000.0,24212.24321333332,24212.24321333332,0,38.43
CP02JUN18,10000.0,0,0,0,0.00
GR01APR18,10000.0,6610.588852777777,6610.588852777777,0,66.11
GR01SEP18,0.0,0,0,0,0.00
GR01SEP18,24000.0,50526.16707751389,50526.16707751389,0,210.53
GR01APR18,100.0,200.00571666666664,200.00571666666664,0,200.01
GR02MAY18,50.0,0,0,0,0.00
CL01MAY18,50.0,0.8919253472222219,0.8919253472222219,0,1.78
CL02APR18,125.0,1731.6030976319453,1731.6030976319453,0,1385.28
GR05APR18,60000.0,25529.17104834105,25529.171016666667,3.167438271604938e-05,42.55
CP01SEP18,10000.0,0,0,0,0.00
CL01NOV18,1000.0,216.51750966049386,216.45661583333333,0.060893827160493824,21.65
CP01SEP18,0.0,0,0,0,0.00
GR05APR18,20000.0,0,0,0,0.00
CL02APR18,0.0,0,0,0,0.00
CL09APR18,0.0,0,0,0,0.00
GR02MAY18,1000.0,553.2875900069445,553.2875900069445,0,55.33
CL08APR18,1000.0,421.26892166666664,421.26892166666664,0,42.13
FS02APR18,1000.0,0,0,0,0.00
GR09APR18,30000.0,653.4415935763884,653.3129650347219,0.12862854166666668,2.18
GR04APR18,200.0,801.111807669753,801.0712111111111,0.040596558641975304,400.56
FS04APR18,0.0,0,0,0,0.00
FS03APR18,5.0,0,0,0,0.00
FS06APR18,800.0,86.19368827777777,86.19368827777777,0,10.77
CL05APR18,0.0,0,0,0,0.00
GR04APR18,10000.0,37194.47980527778,37194.47980527778,0,371.94
GR09APR18,10000.0,0,0,0,0.00
FS02APR18,0.0,0,0,0,0.00
CL08APR18,2000.0,0,0,0,0.00
CL05APR18,3.0,0,0,0,0.00
FS06APR18,0.0,0,0,0,0.00
FS03APR18,0.0,0,0,0,0.00
FS04APR18,2000.0,701.2487199999999,701.2487199999999,0,35.06
FS05APR18,0.0,0,0,0,0.00
CL02AUG18,0.0,0,0,0,0.00
FS05APR18,1000.0,99.00015222222223,99.00015222222223,0,9.90
CL01NOV18,100.0,0,0,0,0.00
CL02AUG18,800.0,4054.6392405833335,4054.6392405833335,0,506.83
GR08APR18,0.0,0,0,0,0.00
CL03NOV18,100.0,0,0,0,0.00
GR08APR18,25000.0,3391.972144166667,3391.972144166667,0,13.57
CL04APR18,150.0,1088.3710429783948,1088.2635575,0.10748547839506174,725.58
GR02AUG18,40000.0,4311.973081080246,4311.8909275,0.08215358024691358,10.78
GR02APR18,1000.0,22066.42215014661,22066.30923555556,0.11291459104938271,2206.64
CL04APR18,50.0,0,0,0,0.00
GR02APR18,20.0,29.01827722222222,29.01827722222222,0,145.09
CP03APR18,0.0,0,0,0,0.00
GR10APR18,25000.0,36097.9996925463,36097.968985555555,0.030706990740740743,144.39
GR07APR18,20000.0,13244.824629729166,13244.824629729166,0,66.22
GR10APR18,5000.0,1586.8481288888886,1586.8481288888886,0,31.74
CP03APR18,40000.0,3149.377897777776,3149.377897777776,0,7.87
GR07APR18,5000.0,0,0,0,0.00
CP01MAY18,500.0,0,0,0,0.00
CL09APR18,500.0,5158.275234722222,5158.275234722222,0,1031.66
CL01SEP18,0.0,0,0,0,0.00
GR11APR18,60000.0,75316.28176974301,75316.28176974301,0,125.53
CP01APR18,1000.0,109.46661999999998,109.46661999999998,0,10.95
GR11APR18,0.0,0,0,0,0.00
GR03APR18,8000.0,6212.840903858023,6212.736984444443,0.1039194135802469,77.66
CL01SEP18,15000.0,1821.8544058333334,1821.8544058333334,0,12.15
ZZ00AUG18,100.0,0.009538361111111112,0.009527458333333332,1.0902777777777779e-05,0.01
CP01JUN18,0.0,0,0,0,0.00
GR01AUG18,250.0,0,0,0,0.00
CP02APR18,0.0,0,0,0,0.00
GR01AUG18,250.0,0,0,0,0.00
CP01JUN18,0.0,0,0,0,0.00
CP02APR18,2000.0,0,0,0,0.00
CL06APR18,5.0,0,0,0,0.00
GR02AUG18,0.0,0,0,0,0.00
XX00SEP18,100.0,4493.797517314815,4493.797453888889,6.342592592592592e-05,4493.80
CL07APR18,0.0,0,0,0,0.00
CL02NOV18,2000.0,319.7061877777777,319.7061877777777,0,15.99
CL06APR18,0.0,0,0,0,0.00
CL02NOV18,500.0,0,0,0,0.00
CL07APR18,100.0,0,0,0,0.00
XX00SEP18,100.0,1463.9729514814812,1463.9697838888887,0.003167592592592592,1463.97
CL01MAY18,100.0,2.7071044444444445,2.7071044444444445,0,2.71
CL01AUG18,100.0,0,0,0,0.00
GR01MAY18,0.0,0,0,0,0.00
GR12APR18,100.0,4.366512345679012e-05,0,4.366512345679012e-05,0.00
CP01APR18,0.0,0,0,0,0.00
CP02APR16,800.0,35127.86112833335,35127.86112833335,0,4390.98
CL01AUG18,500.0,1959.0485542708336,1959.0485542708336,0,391.81
GR03APR18,300.0,213.59298277777776,213.59298277777776,0,71.20
CL01APR18,400.0,72745.1725225,72745.1725225,0,18186.29
CP02APR16,120.0,376.48438666666664,376.48438666666664,0,313.74
GR12APR18,100.0,0,0,0,0.00
GR01MAY18,500.0,0,0,0,0.00
CL03NOV18,2000.0,1990.4515699999997,1990.4515699999997,0,99.52
YG01APR18,50.0,0,0,0,0.00
CL10APR18,0.0,0,0,0,0.00
CP05APR18,1000.0,0,0,0,0.00
CL01APR18,0.0,7.695650594135801,6.9205405555555535,0.7751100385802467,0.00
CP05APR18,1000.0,0,0,0,0.00
CL10APR18,2.0,131.07006611111112,131.07006611111112,0,6553.50
YG01APR18,2000.0,448.7277883487654,448.72240166666666,0.005386682098765433,22.44
CP04APR18,1000.0,0,0,0,0.00
CP01MAY18,1000.0,97.78132694444444,97.78132694444444,0,9.78
GR06APR18,10000.0,1571.7963454706792,1570.9799694444446,0.8163760262345678,15.72
SP02APR18,185.0,2184.864923703704,2184.7859758333334,0.07894787037037036,1181.01
GR06APR18,30000.0,45607.61544636575,45607.59596722223,0.019479143518518524,152.03
CP04APR18,4000.0,0,0,0,0.00
SP02APR18,195.0,0,0,0,0.00
