SP01APR18-d,20000.0,6337.210483611115,6335.214223888893,1.9962597222222223,31.69
SP01APR18-s,20000.0,246.85297861111113,244.69694222222222,2.1560363888888885,1.23
CL03APR18-s,50.0,0,0,0,0.00
CL03APR18-d,100.0,1148.930571111111,1148.930571111111,0,1148.93
CP02JUN18-d,10000.0,401.49047472222225,401.49047472222225,0,4.01
FS01APR18-s,0.0,0,0,0,0.00
FS01APR18-d,63000.0,19192.886259166666,19192.886259166666,0,30.46
CP02JUN18-s,10000.0,0,0,0,0.00
GR01APR18-d,1500.0,25832.807300000004,25832.807300000004,0,1722.19
GR01APR18-s,0.0,49.032762777777776,49.032762777777776,0,0.00
GR02MAY18-s,50.0,0,0,0,0.00
CL01MAY18-d,50.0,7.61186638888889,7.61186638888889,0,15.22
CL02APR18-d,125.0,149.7598069444444,149.7598069444444,0,119.81
GR05APR18-d,60000.0,69870.43941722218,69870.43941722218,0,116.45
GR05APR18-s,20000.0,1961.9104827777778,1961.9104827777778,0,9.81
CL02APR18-s,0.0,243.37121444444443,243.37121444444443,0,0.00
CL09APR18-s,0.0,0,0,0,0.00
GR02MAY18-d,1000.0,1613.262554444445,1613.262554444445,0,161.33
CL08APR18-s,1000.0,17546.829410000002,17546.829410000002,0,1754.68
FS02APR18-d,0.0,1398.3464794444442,1398.3464794444442,0,0.00
GR09APR18-d,20000.0,320.9035686111111,302.7562272222222,18.14734138888889,1.60
GR04APR18-s,200.0,151.04497444444442,149.54017833333333,1.5047961111111112,75.52
FS04APR18-s,0.0,0,0,0,0.00
FS03APR18-s,5.0,0,0,0,0.00
FS06APR18-d,800.0,0,0,0,0.00
CL05APR18-s,0.0,0,0,0,0.00
GR04APR18-d,10000.0,16391.917144444444,16391.917140555557,3.888888888888889e-06,163.92
GR09APR18-s,10000.0,0.4585066666666667,0.4585066666666667,0,0.00
FS02APR18-s,1000.0,0,0,0,0.00
CL08APR18-d,2000.0,21.351556944444447,0,21.351556944444447,1.07
CL05APR18-d,3.0,0,0,0,0.00
FS06APR18-s,0.0,0,0,0,0.00
FS03APR18-d,0.0,0,0,0,0.00
FS04APR18-d,2000.0,4477.159613611112,4477.159613611112,0,223.86
FS05APR18-s,0.0,0,0,0,0.00
CL02AUG18-s,0.0,0.4069333333333333,0,0.4069333333333333,0.00
FS05APR18-d,1000.0,0,0,0,0.00
CL02AUG18-d,800.0,3934.7465888888883,3933.1020447222213,1.6445441666666665,491.84
GR08APR18-s,0.0,0,0,0,0.00
GR08APR18-d,2500.0,16803.963664444444,16803.963664444444,0,672.16
CL04APR18-d,150.0,385.4310349999999,257.1817125,128.24932249999995,256.95
GR02APR18-d,70.0,12475.038818611107,12475.038818611107,0,17821.48
CL04APR18-s,50.0,0,0,0,0.00
GR02APR18-s,625.0,0.009278333333333333,0.009278333333333333,0,0.00
CP03APR18-s,0.0,0,0,0,0.00
GR10APR18-d,36000.0,67126.28531388886,67100.09172222219,26.193591666666666,186.46
GR07APR18-d,20000.0,19371.30980444444,19371.30980444444,0,96.86
GR10APR18-s,570.0,7201.293417222222,7201.291492777778,0.0019244444444444443,1263.38
CP03APR18-d,20000.0,7433.746329999999,7433.746329999999,0,37.17
GR07APR18-s,5000.0,564.8107975,562.9764055555556,1.8343919444444443,11.30
CP01MAY18-s,1000.0,1.1019755555555555,1.1019755555555555,0,0.11
CL09APR18-d,500.0,7566.6967302777775,7566.6967302777775,0,1513.34
CL01SEP18-s,0.0,0,0,0,0.00
GR11APR18-d,50000.0,62921.69460333335,62921.432600000015,0.2620033333333333,125.84
CP01APR18-d,1000.0,337.9260836111111,337.9260836111111,0,33.79
GR11APR18-s,0.0,0,0,0,0.00
GR03APR18-d,150.0,760.4297433333334,760.4297433333334,0,506.95
CL01SEP18-d,15000.0,192.3014963888889,192.3014963888889,0,1.28
CP01JUN18-s,0.0,0,0,0,0.00
GR01AUG18-s,250.0,0,0,0,0.00
CP02APR18-s,0.0,0,0,0,0.00
GR01AUG18-d,250.0,0,0,0,0.00
CP01JUN18-d,2625.0,0,0,0,0.00
CP02APR18-d,2000.0,529.8220772222223,529.8220772222223,0,26.49
CL06APR18-d,15.0,0.00034083333333333334,4.722222222222222e-06,0.0003361111111111111,0.00
CL07APR18-s,0.0,0,0,0,0.00
CL06APR18-s,0.0,4.535230555555556,4.535230555555556,0,0.00
CL07APR18-d,100.0,0,0,0,0.00
CL01MAY18-s,400.0,9.38170388888889,9.38170388888889,0,2.35
CL01AUG18-s,100.0,0,0,0,0.00
GR01MAY18-s,0.0,0,0,0,0.00
GR12APR18-d,100.0,0,0,0,0.00
CP01APR18-s,0.0,0,0,0,0.00
CP02APR16-s,1300.0,8432.43545888889,8432.43545888889,0,648.65
CL01AUG18-d,500.0,0.02480888888888889,0.02230277777777778,0.0025061111111111113,0.00
GR03APR18-s,50.0,16.25273111111111,16.25273111111111,0,32.51
CL01APR18-d,200.0,12652.343519722222,12652.343519722222,0,6326.17
CP02APR16-d,200.0,951.3612783333334,951.3612783333334,0,475.68
GR12APR18-s,100.0,0,0,0,0.00
GR01MAY18-d,500.0,0,0,0,0.00
YG01APR18-s,50.0,0,0,0,0.00
CL10APR18-s,0.0,0,0,0,0.00
CP05APR18-d,1000.0,0,0,0,0.00
CL01APR18-s,0.0,0,0,0,0.00
CP05APR18-s,1000.0,0,0,0,0.00
CL10APR18-d,5.0,64.00181722222223,64.00181722222223,0,1280.04
YG01APR18-d,200.0,2146.9878675,2096.4963105555553,50.49155694444445,1073.49
CP04APR18-s,1000.0,0,0,0,0.00
CP01MAY18-d,2000.0,4043.967430277777,4043.967430277777,0,202.20
GR06APR18-s,10000.0,36.394887777777775,18.608508333333337,17.786379444444442,0.36
SP02APR18-d,175.0,11703.323146666671,11703.181334166671,0.14181249999999998,6687.61
GR06APR18-d,30000.0,6065.981164999999,6006.703875277776,59.277289722222235,20.22
CP04APR18-d,4000.0,0,0,0,0.00
SP02APR18-s,185.0,2749.7015127777786,2749.7015127777786,0,1486.33
