SP01APR18-d,20000.0,34613.65862416667,34613.65862416667,0,173.07
GR03AUG18-d,20000.0,3716.086438333336,3716.086438333336,0,18.58
GR03AUG18-s,0.0,0,0,0,0.00
SP01APR18-s,20000.0,0,0,0,0.00
CL03APR18-s,50.0,0,0,0,0.00
CL03APR18-d,100.0,1172.9655205555557,1172.9655205555557,0,1172.97
ZZ00AUG18-s,100.0,0.0006336111111111112,0,0.0006336111111111112,0.00
CP02JUN18-d,10000.0,0,0,0,0.00
FS01APR18-s,0.0,0,0,0,0.00
FS01APR18-d,63000.0,43539.881685,43539.881685,0,69.11
CP02JUN18-s,10000.0,0,0,0,0.00
GR01APR18-d,10000.0,16229.674871944446,16229.67478888889,8.305555555555556e-05,162.30
GR01SEP18-s,0.0,0,0,0,0.00
GR01SEP18-d,24000.0,8848.133274444443,8847.462010833331,0.6712636111111111,36.87
GR01APR18-s,100.0,87.97751666666666,87.97751666666666,0,87.98
GR02MAY18-s,50.0,0,0,0,0.00
CL01MAY18-d,50.0,7.130134166666664,7.130134166666664,0,14.26
CL02APR18-d,125.0,2541.053387222222,2541.053387222222,0,2032.84
GR05APR18-d,60000.0,18992.77045333334,18992.761819444455,0.008633888888888887,31.65
CP01SEP18-d,10000.0,2.4262963888888884,2.4262963888888884,0,0.02
CL01NOV18-d,1000.0,0,0,0,0.00
CP01SEP18-s,0.0,0,0,0,0.00
GR05APR18-s,20000.0,0,0,0,0.00
CL02APR18-s,0.0,840.7219699999999,840.7219699999999,0,0.00
CL09APR18-s,0.0,0,0,0,0.00
GR02MAY18-d,1000.0,4161.616742777777,4161.616742777777,0,416.16
CL08APR18-s,1000.0,817.8073205555555,817.8073205555555,0,81.78
FS02APR18-d,1500.0,3751.1040391666675,3751.1040391666675,0,250.07
GR09APR18-d,30000.0,835.9045941666667,835.9045941666667,0,2.79
GR04APR18-s,200.0,1008.2238408333342,1004.5120250000008,3.7118158333333335,504.11
FS04APR18-s,0.0,0,0,0,0.00
FS03APR18-s,5.0,0,0,0,0.00
FS06APR18-d,1000.0,14606.092291944451,14606.092291944451,0,1460.61
CL05APR18-s,0.0,0,0,0,0.00
GR04APR18-d,10000.0,27872.806139444445,27872.806139444445,0,278.73
GR09APR18-s,10000.0,0,0,0,0.00
FS02APR18-s,0.0,0,0,0,0.00
CL08APR18-d,2000.0,5.149343055555557,0,5.149343055555557,0.26
CL05APR18-d,3.0,0,0,0,0.00
FS06APR18-s,0.0,0,0,0,0.00
FS03APR18-d,0.0,0,0,0,0.00
FS04APR18-d,2000.0,3516.237933888888,3502.0923472222216,14.145586666666665,175.81
FS05APR18-s,0.0,0,0,0,0.00
CL02AUG18-s,0.0,0,0,0,0.00
FS05APR18-d,1000.0,1252.8209475,1252.8209475,0,125.28
CL01NOV18-s,100.0,0,0,0,0.00
CL02AUG18-d,1000.0,9887.384027222222,9887.384027222222,0,988.74
GR08APR18-s,0.0,0,0,0,0.00
CL03NOV18-s,100.0,0,0,0,0.00
GR08APR18-d,25000.0,19968.464399999997,19968.464399999997,0,79.87
CL04APR18-d,150.0,178.27439500000003,178.27378388888894,0.0006111111111111111,118.85
GR02AUG18-d,10000.0,42980.93276027776,42947.23589583332,33.69686444444444,429.81
GR02APR18-d,1000.0,18938.248095277773,18938.248095277773,0,1893.82
CL04APR18-s,50.0,0,0,0,0.00
GR02APR18-s,20.0,108.85774222222219,108.85774222222219,0,544.29
CP03APR18-s,0.0,0,0,0,0.00
GR10APR18-d,25000.0,27902.333822777793,27902.292820277795,0.041002500000000004,111.61
GR07APR18-d,20000.0,2033.285780555554,2033.285780555554,0,10.17
GR10APR18-s,5000.0,2800.0379955555554,2800.0379955555554,0,56.00
CP03APR18-d,50000.0,32842.3697283333,32842.3697283333,0,65.68
GR07APR18-s,5000.0,0,0,0,0.00
CP01MAY18-s,500.0,0.16476777777777776,0.16476777777777776,0,0.03
CL09APR18-d,500.0,18006.142208055557,18006.142208055557,0,3601.23
CL01SEP18-s,0.0,0,0,0,0.00
GR11APR18-d,50000.0,52773.907264444395,52773.907264444395,0,105.55
CP01APR18-d,1000.0,1261.5439941666666,1261.5439941666666,0,126.15
GR11APR18-s,0.0,0,0,0,0.00
GR03APR18-d,8000.0,7055.2074111111115,7055.2074111111115,0,88.19
CL01SEP18-d,15000.0,2248.06508361111,2248.06508361111,0,14.99
ZZ00AUG18-d,100.0,0.03152194444444444,0.031221666666666665,0.0003002777777777778,0.03
CP01JUN18-s,0.0,0,0,0,0.00
GR01AUG18-s,250.0,0,0,0,0.00
CP02APR18-s,0.0,0,0,0,0.00
GR01AUG18-d,250.0,0.23249722222222224,0,0.23249722222222224,0.09
CP01JUN18-d,1300.0,0,0,0,0.00
CP02APR18-d,2000.0,0,0,0,0.00
CL06APR18-d,15.0,0,0,0,0.00
GR02AUG18-s,0.0,2227.9891583333333,2227.9891583333333,0,0.00
XX00SEP18-s,100.0,1272.5906294444444,1272.5901377777777,0.0004916666666666667,1272.59
CL07APR18-s,0.0,0,0,0,0.00
CL02NOV18-d,2000.0,833.3829405555555,833.3829405555555,0,41.67
CL06APR18-s,0.0,7.217933333333334,7.217933333333334,0,0.00
CL02NOV18-s,500.0,0,0,0,0.00
CL07APR18-d,100.0,0,0,0,0.00
XX00SEP18-d,100.0,4230.230828888888,4230.230828888888,0,4230.23
CL01MAY18-s,200.0,21.211945000000007,21.211945000000007,0,10.61
CL01AUG18-s,100.0,0,0,0,0.00
GR01MAY18-s,0.0,0,0,0,0.00
GR12APR18-d,100.0,0,0,0,0.00
CP01APR18-s,0.0,0,0,0,0.00
CP02APR16-s,1300.0,27622.55355777779,27622.55355777779,0,2124.81
CL01AUG18-d,500.0,10326.745528611113,10326.745528611113,0,2065.35
GR03APR18-s,100.0,35.86383444444445,35.86383444444445,0,35.86
CL01APR18-d,1000.0,1716.5887847222223,1716.5887847222223,0,171.66
CP02APR16-d,200.0,6040.047295555554,6040.047295555554,0,3020.02
GR12APR18-s,100.0,0,0,0,0.00
GR01MAY18-d,500.0,0,0,0,0.00
CL03NOV18-d,1000.0,1004.9207975000002,1004.9207975000002,0,100.49
YG01APR18-s,50.0,0,0,0,0.00
CL10APR18-s,0.0,0,0,0,0.00
CP05APR18-d,1000.0,0,0,0,0.00
CL01APR18-s,0.0,0,0,0,0.00
CP05APR18-s,1000.0,0,0,0,0.00
CL10APR18-d,5.0,0,0,0,0.00
YG01APR18-d,2000.0,2757.275078055556,2757.275078055556,0,137.86
CP04APR18-s,1000.0,0,0,0,0.00
CP01MAY18-d,1000.0,757.7370647222223,757.7363275,0.0007372222222222222,75.77
GR06APR18-s,10000.0,202.4632027777778,130.28322111111112,72.17998166666666,2.02
SP02APR18-d,185.0,7727.422933055558,7708.802683611115,18.620249444444447,4176.99
GR06APR18-d,30000.0,12152.442425277777,12131.568116666665,20.8743086111111,40.51
CP04APR18-d,4000.0,0,0,0,0.00
SP02APR18-s,195.0,904.2171194444446,903.5516994444445,0.6654199999999999,463.70
