SP01APR18-d,20000.0,40986.742881666636,40986.742881666636,0,204.93
GR03AUG18-d,20000.0,7723.648236388888,7723.648236388888,0,38.62
GR03AUG18-s,0.0,0,0,0,0.00
SP01APR18-s,20000.0,12.675575555555556,12.675575555555556,0,0.06
CL03APR18-s,50.0,0,0,0,0.00
CL03APR18-d,100.0,1352.297832777778,1352.297832777778,0,1352.30
ZZ00AUG18-s,100.0,0.006326111111111111,0.006326111111111111,0,0.01
CP02JUN18-d,10000.0,0,0,0,0.00
FS01APR18-s,0.0,0,0,0,0.00
FS01APR18-d,63000.0,142533.13035055558,142533.13035055558,0,226.24
CP02JUN18-s,10000.0,0,0,0,0.00
GR01APR18-d,10000.0,6534.971514444444,6534.971514444444,0,65.35
GR01SEP18-s,0.0,0,0,0,0.00
GR01SEP18-d,24000.0,7395.029495555557,7395.029495555557,0,30.81
GR01APR18-s,100.0,217.3638411111111,217.3638411111111,0,217.36
GR02MAY18-s,50.0,0,0,0,0.00
CL01MAY18-d,50.0,3.7152431597222226,3.7152431597222226,0,7.43
CL02APR18-d,125.0,1420.6507437777775,1420.6507437777775,0,1136.52
GR05APR18-d,60000.0,16069.997568083336,16069.997511416668,5.6666666666666664e-05,26.78
CP01SEP18-d,10000.0,0,0,0,0.00
CL01NOV18-d,1000.0,199.64782254629628,199.62151805555555,0.026304490740740743,19.96
CP01SEP18-s,0.0,0,0,0,0.00
GR05APR18-s,20000.0,0,0,0,0.00
CL02APR18-s,0.0,0,0,0,0.00
CL09APR18-s,0.0,0,0,0,0.00
GR02MAY18-d,1000.0,547.067857638889,547.067857638889,0,54.71
CL08APR18-s,1000.0,60.27446388888889,60.27446388888889,0,6.03
FS02APR18-d,1000.0,986.3662505555554,986.3662505555554,0,98.64
GR09APR18-d,30000.0,931.3117893749991,931.3117893749991,0,3.10
GR04APR18-s,200.0,314.55220499999996,314.55220499999996,0,157.28
FS04APR18-s,0.0,0,0,0,0.00
FS03APR18-s,5.0,0,0,0,0.00
FS06APR18-d,1000.0,12688.154814076384,12688.154814076384,0,1268.82
CL05APR18-s,0.0,0,0,0,0.00
GR04APR18-d,10000.0,41958.31641944444,41958.31641944444,0,419.58
GR09APR18-s,10000.0,0,0,0,0.00
FS02APR18-s,0.0,0,0,0,0.00
CL08APR18-d,2000.0,0.0050549614197530875,0,0.0050549614197530875,0.00
CL05APR18-d,3.0,0,0,0,0.00
FS06APR18-s,0.0,0,0,0,0.00
FS03APR18-d,0.0,0,0,0,0.00
FS04APR18-d,2000.0,953.1817338888889,953.1817338888889,0,47.66
FS05APR18-s,0.0,0,0,0,0.00
CL02AUG18-s,0.0,0,0,0,0.00
FS05APR18-d,1000.0,1150.9699247222222,1150.9699247222222,0,115.10
CL01NOV18-s,100.0,0,0,0,0.00
CL02AUG18-d,1000.0,6648.758723541669,6648.758723541669,0,664.88
GR08APR18-s,0.0,0,0,0,0.00
CL03NOV18-s,100.0,0,0,0,0.00
GR08APR18-d,25000.0,23563.298399999996,23563.298399999996,0,94.25
CL04APR18-d,150.0,318.13209500000005,318.13209500000005,0,212.09
GR02AUG18-d,40000.0,23470.336144961442,23469.688421388913,0.6477235725308639,58.68
GR02APR18-d,1000.0,23650.375373896597,23650.261944444435,0.11342945216049381,2365.04
CL04APR18-s,50.0,0,0,0,0.00
GR02APR18-s,20.0,86.95971722222222,86.95971722222222,0,434.80
CP03APR18-s,0.0,0,0,0,0.00
GR10APR18-d,25000.0,4295.355589510803,4295.3445046805555,0.011084830246913582,17.18
GR07APR18-d,20000.0,4902.484274192132,4902.428756090279,0.055518101851851846,24.51
GR10APR18-s,5000.0,1899.416175,1899.416175,0,37.99
CP03APR18-d,50000.0,13420.21109416666,13420.21109416666,0,26.84
GR07APR18-s,5000.0,0,0,0,0.00
CP01MAY18-s,500.0,0,0,0,0.00
CL09APR18-d,500.0,11576.234400555555,11576.234400555555,0,2315.25
CL01SEP18-s,0.0,0,0,0,0.00
GR11APR18-d,60000.0,23547.671204361126,23547.671204361126,0,39.25
CP01APR18-d,1000.0,581.9779411111109,581.9779411111109,0,58.20
GR11APR18-s,0.0,0,0,0,0.00
GR03APR18-d,8000.0,13632.316006296294,13632.297031111111,0.018975185185185185,170.40
CL01SEP18-d,15000.0,1862.9238161111111,1862.9238161111111,0,12.42
ZZ00AUG18-d,100.0,1.1737523634259261,1.1725061597222224,0.0012462037037037038,1.17
CP01JUN18-s,0.0,0,0,0,0.00
GR01AUG18-s,250.0,0,0,0,0.00
CP02APR18-s,0.0,0,0,0,0.00
GR01AUG18-d,250.0,0,0,0,0.00
CP01JUN18-d,0.0,0,0,0,0.00
CP02APR18-d,2000.0,1848.2570999999996,1848.2570999999996,0,92.41
CL06APR18-d,15.0,0,0,0,0.00
GR02AUG18-s,0.0,0.16708888888888887,0.16708888888888887,0,0.00
XX00SEP18-s,100.0,3799.3354861111115,3799.3354861111115,0,3799.34
CL07APR18-s,0.0,0,0,0,0.00
CL02NOV18-d,2000.0,411.8534602777778,411.8534602777778,0,20.59
CL06APR18-s,0.0,31.688909444444445,31.688909444444445,0,0.00
CL02NOV18-s,500.0,0,0,0,0.00
CL07APR18-d,100.0,0,0,0,0.00
XX00SEP18-d,100.0,758.671298271605,758.627075,0.04422327160493827,758.67
CL01MAY18-s,200.0,6.754372777777777,6.754372777777777,0,3.38
CL01AUG18-s,100.0,0.8903538888888889,0.8903538888888889,0,0.89
GR01MAY18-s,0.0,0,0,0,0.00
GR12APR18-d,100.0,0,0,0,0.00
CP01APR18-s,0.0,0,0,0,0.00
CP02APR16-s,1300.0,9238.534035555555,9238.534035555555,0,710.66
CL01AUG18-d,500.0,1907.8788852430553,1907.8788852430553,0,381.58
GR03APR18-s,300.0,225.5782944444445,225.5782944444445,0,75.19
CL01APR18-d,1000.0,14154.56072,14154.56072,0,1415.46
CP02APR16-d,200.0,1415.6362424999998,1415.6362424999998,0,707.82
GR12APR18-s,100.0,0,0,0,0.00
GR01MAY18-d,500.0,0,0,0,0.00
CL03NOV18-d,2000.0,1967.24807,1967.24807,0,98.36
YG01APR18-s,50.0,0,0,0,0.00
CL10APR18-s,0.0,0,0,0,0.00
CP05APR18-d,1000.0,0,0,0,0.00
CL01APR18-s,0.0,0,0,0,0.00
CP05APR18-s,1000.0,0,0,0,0.00
CL10APR18-d,5.0,0,0,0,0.00
YG01APR18-d,2000.0,967.4381063888891,967.4381063888891,0,48.37
CP04APR18-s,1000.0,0,0,0,0.00
CP01MAY18-d,1000.0,116.75572777777776,116.75572777777776,0,11.68
GR06APR18-s,10000.0,8.093345563271605,6.361477222222222,1.7318683410493825,0.08
SP02APR18-d,185.0,2492.346534320987,2492.2884397222215,0.0580945987654321,1347.21
GR06APR18-d,30000.0,46025.933462853434,46025.48674508337,0.4467177700617285,153.42
CP04APR18-d,4000.0,0,0,0,0.00
SP02APR18-s,195.0,152.18181304012344,152.1811061111111,0.000706929012345679,78.04
