SP01APR18-d,20000.0,19160.311260833332,19160.311260833332,0,95.80
SP01APR18-s,20000.0,4959.990462499999,4956.184639999999,3.8058224999999997,24.80
CL03APR18-s,50.0,0,0,0,0.00
CL03APR18-d,100.0,999.7896877777779,999.7896877777779,0,999.79
CP02JUN18-d,10000.0,332.5014563888889,332.5014563888889,0,3.33
FS01APR18-s,0.0,0,0,0,0.00
FS01APR18-d,63000.0,22732.316327777775,22732.316327777775,0,36.08
CP02JUN18-s,10000.0,0,0,0,0.00
GR01APR18-d,1500.0,16118.623755555558,16118.623755555558,0,1074.57
GR01APR18-s,0.0,400.26065722222233,400.26065722222233,0,0.00
GR02MAY18-s,50.0,0,0,0,0.00
CL01MAY18-d,50.0,0.012807222222222225,0.012807222222222225,0,0.03
CL02APR18-d,125.0,614.920109722222,614.920109722222,0,491.94
GR05APR18-d,60000.0,16746.54466138889,16746.53295805556,0.011703333333333338,27.91
GR05APR18-s,20000.0,0,0,0,0.00
CL02APR18-s,0.0,389.0209083333333,389.0209083333333,0,0.00
CL09APR18-s,0.0,0,0,0,0.00
GR02MAY18-d,1000.0,3420.3139211111124,3420.3139211111124,0,342.03
CL08APR18-s,1000.0,0,0,0,0.00
FS02APR18-d,0.0,2743.530313333332,2743.530313333332,0,0.00
GR09APR18-d,20000.0,1074.3504550000005,1074.3504550000005,0,5.37
GR04APR18-s,200.0,674.7881727777777,674.7881727777777,0,337.39
FS04APR18-s,0.0,0,0,0,0.00
FS03APR18-s,5.0,0,0,0,0.00
FS06APR18-d,800.0,1804.582932222222,1804.582932222222,0,225.57
CL05APR18-s,0.0,0,0,0,0.00
GR04APR18-d,10000.0,24129.777275000008,24129.777275000008,0,241.30
GR09APR18-s,10000.0,0,0,0,0.00
FS02APR18-s,1000.0,0,0,0,0.00
CL08APR18-d,2000.0,0.7071347222222222,0,0.7071347222222222,0.04
CL05APR18-d,3.0,0,0,0,0.00
FS06APR18-s,0.0,0,0,0,0.00
FS03APR18-d,0.0,0,0,0,0.00
FS04APR18-d,2000.0,1125.7168777777777,1125.7168777777777,0,56.29
FS05APR18-s,0.0,0,0,0,0.00
CL02AUG18-s,0.0,0,0,0,0.00
FS05APR18-d,1000.0,0,0,0,0.00
CL02AUG18-d,1000.0,7880.827356388889,7880.827356388889,0,788.08
GR08APR18-s,0.0,0,0,0,0.00
GR08APR18-d,2500.0,32628.59379,32628.59379,0,1305.14
CL04APR18-d,150.0,115.71147916666665,115.71147916666665,0,77.14
GR02APR18-d,70.0,12027.356851944442,12027.356851944442,0,17181.94
CL04APR18-s,50.0,0,0,0,0.00
GR02APR18-s,625.0,1590.424928888889,1590.424928888889,0,254.47
CP03APR18-s,0.0,0,0,0,0.00
GR10APR18-d,36000.0,47005.27636333334,47005.09195222223,0.1844111111111111,130.57
GR07APR18-d,20000.0,28.533093611111106,27.902357499999997,0.630736111111111,0.14
GR10APR18-s,570.0,3534.9723422222214,3534.9723422222214,0,620.17
CP03APR18-d,50000.0,8911.1921111111,8911.1921111111,0,17.82
GR07APR18-s,5000.0,0,0,0,0.00
CP01MAY18-s,1000.0,0,0,0,0.00
CL09APR18-d,500.0,7439.866257222226,7439.866257222226,0,1487.97
CL01SEP18-s,0.0,0,0,0,0.00
GR11APR18-d,50000.0,55274.82340472224,55274.82340472224,0,110.55
CP01APR18-d,1000.0,173.60136805555555,173.60136805555555,0,17.36
GR11APR18-s,0.0,0,0,0,0.00
GR03APR18-d,150.0,4279.703557499999,4279.439375555555,0.2641819444444444,2853.14
CL01SEP18-d,15000.0,652.2344344444444,652.2344344444444,0,4.35
CP01JUN18-s,0.0,0,0,0,0.00
GR01AUG18-s,250.0,0,0,0,0.00
CP02APR18-s,0.0,0,0,0,0.00
GR01AUG18-d,250.0,2.316401388888889,0,2.316401388888889,0.93
CP01JUN18-d,2625.0,0,0,0,0.00
CP02APR18-d,2000.0,265.9347611111111,265.9347611111111,0,13.30
CL06APR18-d,15.0,0,0,0,0.00
CL07APR18-s,0.0,0,0,0,0.00
CL06APR18-s,0.0,4.236983333333333,4.236983333333333,0,0.00
CL07APR18-d,100.0,0,0,0,0.00
CL01MAY18-s,300.0,408.2648438888893,408.2648438888893,0,136.09
CL01AUG18-s,100.0,46.26320111111111,46.26320111111111,0,46.26
GR01MAY18-s,0.0,0,0,0,0.00
GR12APR18-d,100.0,0,0,0,0.00
CP01APR18-s,0.0,0,0,0,0.00
CP02APR16-s,1300.0,17144.06553777777,17144.06553777777,0,1318.77
CL01AUG18-d,500.0,4140.405004444444,4130.378286944444,10.0267175,828.08
GR03APR18-s,50.0,32.97694222222223,32.97694222222223,0,65.95
CL01APR18-d,1000.0,1.5568266666666666,1.5568266666666666,0,0.16
CP02APR16-d,200.0,1007.9241888888886,1007.9241888888886,0,503.96
GR12APR18-s,100.0,0,0,0,0.00
GR01MAY18-d,500.0,0,0,0,0.00
YG01APR18-s,50.0,0,0,0,0.00
CL10APR18-s,0.0,0,0,0,0.00
CP05APR18-d,1000.0,0,0,0,0.00
CL01APR18-s,0.0,0.0005597222222222222,0,0.0005597222222222222,0.00
CP05APR18-s,1000.0,0,0,0,0.00
CL10APR18-d,5.0,54.19753722222221,54.19753722222221,0,1083.95
YG01APR18-d,200.0,1695.7315186111114,1695.7315186111114,0,847.87
CP04APR18-s,1000.0,0,0,0,0.00
CP01MAY18-d,2000.0,384.3638619444444,372.22254583333336,12.141316111111111,19.22
GR06APR18-s,10000.0,80.8296286111111,74.34369444444445,6.485934166666667,0.81
SP02APR18-d,185.0,10537.525033611126,10514.36183166668,23.163201944444445,5695.96
GR06APR18-d,30000.0,6474.540379166663,6414.702050555553,59.838328611111116,21.58
CP04APR18-d,4000.0,0,0,0,0.00
SP02APR18-s,195.0,370.8702297222223,370.7447605555556,0.12546916666666666,190.19
