FIm007,200.0,0,0,0,0.00
SMa060,200.0,0,0,0,0.00
BFa032,15000.0,0,0,0,0.00
STa009,15000.0,0,0,0,0.00
XXg007,100.0,0,0,0,0.00
FIm007,0.0,0,0,0,0.00
RCb001,2000.0,0,0,0,0.00
XXg028,100.0,0,0,0,0.00
SMa060,1000.0,0,0,0,0.00
ZZa003,2000.0,0,0,0,0.00
RFa062,2000.0,0,0,0,0.00
FIg012,1000.0,0,0,0,0.00
BRa005,1000.0,0,0,0,0.00
SEa001,2000.0,0,0,0,0.00
ENa038,1000.0,0,0,0,0.00
STa015,2000.0,0,0,0,0.00
SEa001,15000.0,0,0,0,0.00
BRa005,200.0,0,0,0,0.00
FIg012,200.0,0,0,0,0.00
XXg020,100.0,0,0,0,0.00
STa015,15000.0,0,0,0,0.00
ENa038,200.0,0,0,0,0.00
XXg028,100.0,0,0,0,0.00
BFa036,2000.0,0,0,0,0.00
FIg015,1000.0,0,0,0,0.00
FMa039,1000.0,0,0,0,0.00
BFa036,15000.0,0,0,0,0.00
FMa039,200.0,0,0,0,0.00
FIg015,200.0,0,0,0,0.00
FIm008,0.0,0,0,0,0.00
GEb018,100.0,0,0,0,0.00
FIa171,2000.0,0,0,0,0.00
FIa146,2000.0,0,0,0,0.00
FIa141,2000.0,0,0,0,0.00
GEb016,100.0,0,0,0,0.00
NIa044,2000.0,0,0,0,0.00
RCa032,2000.0,0,0,0,0.00
FIa172,2000.0,0,0,0,0.00
FIg011,15000.0,0,0,0,0.00
FIa146,15000.0,0,0,0,0.00
FIa171,15000.0,0,0,0,0.00
GEb018,500.0,0,0,0,0.00
FIm008,200.0,0,0,0,0.00
FIg011,2000.0,0,0,0,0.00
FIa172,15000.0,0,0,0,0.00
RCa032,15000.0,0,0,0,0.00
NIa044,15000.0,0,0,0,0.00
GEb016,500.0,0,0,0,0.00
FIa141,15000.0,0,0,0,0.00
SWb025,15000.0,0,0,0,0.00
XXg002,100.0,0,0,0,0.00
XXg002,100.0,0,0,0,0.00
SWb025,2000.0,0,0,0,0.00
SWb022,2000.0,0,0,0,0.00
FMa030,100.0,0,0,0,0.00
FMa033,50.0,0,0,0,0.00
FMa030,500.0,0,0,0,0.00
RCb001,15000.0,0,0,0,0.00
NIa001,2000.0,0,0,0,0.00
SWb019,2000.0,0,0,0,0.00
RFa046,15000.0,0,0,0,0.00
CFb019,15000.0,0,0,0,0.00
SMa067,1000.0,0,0,0,0.00
SEa022,1000.0,0,0,0,0.00
RFa046,2000.0,0,0,0,0.00
XXg020,100.0,0,0,0,0.00
FMa035,50.0,0,0,0,0.00
SEa022,200.0,0,0,0,0.00
SMa067,200.0,0,0,0,0.00
CFb019,2000.0,0,0,0,0.00
BRa001,15000.0,0,0,0,0.00
FMd001,2000.0,0,0,0,0.00
FIm004,200.0,0,0,0,0.00
NIa046,15000.0,0,0,0,0.00
RFa066,0.0,0,0,0,0.00
FIm004,0.0,0,0,0,0.00
FMd001,15000.0,0,0,0,0.00
BRa001,2000.0,0,0,0,0.00
MCa003,200.0,0,0,0,0.00
XXg021,100.0,0,0,0,0.00
BFa029,15000.0,0,0,0,0.00
LEb013,1000.0,0,0,0,0.00
FIm001,200.0,0,0,0,0.00
FMa034,100.0,0,0,0,0.00
FIa161,2000.0,0,0,0,0.00
XXg021,100.0,0,0,0,0.00
MCa003,1000.0,0,0,0,0.00
FMa034,50.0,0,0,0,0.00
FIm001,0.0,0,0,0,0.00
LEb013,200.0,0,0,0,0.00
STa014,2000.0,0,0,0,0.00
FMa037,200.0,0,0,0,0.00
FIg013,200.0,0,0,0,0.00
NIa025,15000.0,0,0,0,0.00
LEb017,15000.0,0,0,0,0.00
FIa162,1000.0,0,0,0,0.00
BFa037,15000.0,0,0,0,0.00
FIg013,1000.0,0,0,0,0.00
FMa035,100.0,0,0,0,0.00
FMa037,1000.0,0,0,0,0.00
STa014,15000.0,0,0,0,0.00
BFa037,2000.0,0,0,0,0.00
LEb017,2000.0,0,0,0,0.00
XXg025,100.0,0,0,0,0.00
NIa025,2000.0,0,0,0,0.00
NIa022,200.0,0,0,0,0.00
BFa034,2000.0,0,0,0,0.00
CFb015,15000.0,0,0,0,0.00
FIg014,1000.0,0,0,0,0.00
NIa048,15000.0,0,0,0,0.00
SMa001,15000.0,0,0,0,0.00
FMa038,1000.0,0,0,0,0.00
BFa031,15000.0,0,0,0,0.00
NIa048,2000.0,0,0,0,0.00
FIg014,200.0,0,0,0,0.00
CFb015,2000.0,0,0,0,0.00
BFa034,15000.0,0,0,0,0.00
NIa022,1000.0,0,0,0,0.00
BFa031,2000.0,0,0,0,0.00
FMa038,200.0,0,0,0,0.00
SMa001,2000.0,0,0,0,0.00
FIm009,0.0,0,0,0,0.00
XXg001,100.0,0,0,0,0.00
NIa046,2000.0,0,0,0,0.00
XXg001,100.0,0,0,0,0.00
FIm009,200.0,0,0,0,0.00
FIa158,1000.0,0,0,0,0.00
CFb017,15000.0,0,0,0,0.00
RFa061,2000.0,0,0,0,0.00
CFb017,2000.0,0,0,0,0.00
SWb023,2000.0,0,0,0,0.00
XXg004,100.0,0,0,0,0.00
ZZa003,15000.0,0,0,0,0.00
HTc030,1000.0,0,0,0,0.00
SWb023,15000.0,0,0,0,0.00
HTc030,0.0,0,0,0,0.00
XXg004,100.0,0,0,0,0.00
SEa020,2000.0,0,0,0,0.00
ENa044,1000.0,0,0,0,0.00
SEa023,1000.0,0,0,0,0.00
SEa020,15000.0,0,0,0,0.00
SEa023,5000.0,0,0,0,0.00
XXg007,100.0,0,0,0,0.00
MHa029,2000.0,0,0,0,0.00
MCa004,1000.0,0,0,0,0.00
XXg029,100.0,0,0,0,0.00
FIm006,200.0,0,0,0,0.00
MHa029,15000.0,0,0,0,0.00
FIm006,0.0,0,0,0,0.00
XXg029,100.0,0,0,0,0.00
MCa004,200.0,0,0,0,0.00
STb001,15000.0,0,0,0,0.00
STa018,15000.0,0,0,0,0.00
MCa002,200.0,0,0,0,0.00
MCa001,2000.0,0,0,0,0.00
MCa002,1000.0,0,0,0,0.00
FIg001,2000.0,0,0,0,0.00
STb001,2000.0,0,0,0,0.00
MCa001,15000.0,0,0,0,0.00
STa013,15000.0,0,0,0,0.00
SWb024,2000.0,0,0,0,0.00
LEb015,200.0,0,0,0,0.00
MHa024,15000.0,0,0,0,0.00
GEb020,100.0,0,0,0,0.00
SWc001,15000.0,0,0,0,0.00
LEb016,200.0,0,0,0,0.00
FMc001,2000.0,0,0,0,0.00
LEb015,1000.0,0,0,0,0.00
SWb024,15000.0,0,0,0,0.00
STa013,2000.0,0,0,0,0.00
FMc001,15000.0,0,0,0,0.00
LEb016,1000.0,0,0,0,0.00
SWc001,2000.0,0,0,0,0.00
GEb020,500.0,0,0,0,0.00
MHa024,2000.0,0,0,0,0.00
NIa049,15000.0,0,0,0,0.00
ENa044,200.0,0,0,0,0.00
CFb014,2000.0,0,0,0,0.00
SMa075,200.0,0,0,0,0.00
SMa072,200.0,0,0,0,0.00
FMc005,2000.0,0,0,0,0.00
NIa020,200.0,0,0,0,0.00
SMa075,1000.0,0,0,0,0.00
CFb014,15000.0,0,0,0,0.00
RFa060,15000.0,0,0,0,0.00
XXg033,100.0,0,0,0,0.00
NIa049,2000.0,0,0,0,0.00
NIa020,1000.0,0,0,0,0.00
XXg036,100.0,0,0,0,0.00
FMc005,15000.0,0,0,0,0.00
SMa072,1000.0,0,0,0,0.00
GEd013,2000.0,0,0,0,0.00
BFb001,15000.0,0,0,0,0.00
XXg003,100.0,0,0,0,0.00
MHa001,2000.0,0,0,0,0.00
SEa024,1000.0,0,0,0,0.00
FIn001,2000.0,0,0,0,0.00
BFb001,2000.0,0,0,0,0.00
XXa006,0.0,0,0,0,0.00
GEd013,15000.0,0,0,0,0.00
MHa001,15000.0,0,0,0,0.00
SMa071,15000.0,0,0,0,0.00
XXg003,100.0,0,0,0,0.00
HTc010,1000.0,0,0,0,0.00
SMa081,1000.0,0,0,0,0.00
FIa102,15000.0,0,0,0,0.00
XXa011,100.0,0.005240555555555556,0.005240555555555556,0,0.01
RFa069,15000.0,0,0,0,0.00
XXa011,100.0,1.6898148148148148e-06,0,1.6898148148148148e-06,0.00
FIa102,2000.0,0,0,0,0.00
FIa105,200.0,0,0,0,0.00
LEb012,2000.0,0,0,0,0.00
FIa001,15000.0,0,0,0,0.00
RCa027,2000.0,0,0,0,0.00
HTc031,1000.0,0,0,0,0.00
RCa027,15000.0,0,0,0,0.00
FIa001,2000.0,0,0,0,0.00
LEb012,15000.0,0,0,0,0.00
FIa105,1000.0,0,0,0,0.00
XXg033,100.0,0,0,0,0.00
HTc031,0.0,0,0,0,0.00
fj-okada,2.0,0,0,0,0.00
SMa077,2000.0,0,0,0,0.00
RFa069,0.0,0,0,0,0.00
ZZa008,2000.0,0,0,0,0.00
GEd017,2000.0,0,0,0,0.00
RCa028,15000.0,0,0,0,0.00
RCa028,2000.0,0,0,0,0.00
GEd017,15000.0,0,0,0,0.00
ZZa008,15000.0,0,0,0,0.00
FIn001,15000.0,0,0,0,0.00
HTc016,200.0,0,0,0,0.00
HTc010,200.0,0,0,0,0.00
BFa029,2000.0,0,0,0,0.00
XXg035,100.0,0,0,0,0.00
FIa164,15000.0,0,0,0,0.00
RFa054,15000.0,0.6506415416666667,0.6506415416666667,0,0.00
HTc015,1000.0,0,0,0,0.00
FIa161,15000.0,0,0,0,0.00
HTc016,1000.0,0,0,0,0.00
HTc015,200.0,0,0,0,0.00
RFa054,0.0,0,0,0,0.00
FIa164,2000.0,0,0,0,0.00
RFa057,15000.0,0,0,0,0.00
GEb021,0.0,0,0,0,0.00
FIa101,2000.0,0,0,0,0.00
FIa071,200.0,0,0,0,0.00
SMa074,200.0,0,0,0,0.00
SMa079,2000.0,0,0,0,0.00
RFa050,15000.0,2005.2246547222219,2005.2246547222219,0,13.37
FIa101,15000.0,0,0,0,0.00
GEb021,1000.0,0,0,0,0.00
RFa057,2000.0,0,0,0,0.00
RFa050,0.0,0,0,0,0.00
RFc001,15000.0,0,0,0,0.00
SMa079,15000.0,0,0,0,0.00
SMa074,1000.0,0,0,0,0.00
FIa071,1000.0,0,0,0,0.00
FMa040,1000.0,0,0,0,0.00
MHc002,200.0,0,0,0,0.00
SMa077,15000.0,0,0,0,0.00
SMa073,2000.0,0,0,0,0.00
MHc002,1000.0,0,0,0,0.00
FMa040,200.0,0,0,0,0.00
SMa073,15000.0,0,0,0,0.00
KVa006,1000.0,0,0,0,0.00
KVa005,200.0,0,0,0,0.00
MDa001,15000.0,0,0,0,0.00
RCa001,2000.0,0,0,0,0.00
KVa006,200.0,0,0,0,0.00
FIm010,0.0,0,0,0,0.00
RCa001,15000.0,0,0,0,0.00
MDa001,2000.0,0,0,0,0.00
KVa005,1000.0,0,0,0,0.00
FMa029,500.0,0,0,0,0.00
RCa025,2000.0,0,0,0,0.00
FIa168,1000.0,0,0,0,0.00
STa001,2000.0,0,0,0,0.00
STa006,2000.0,0,0,0,0.00
FIg002,15000.0,0,0,0,0.00
STa001,15000.0,0,0,0,0.00
FIa168,200.0,0,0,0,0.00
RCa025,15000.0,0,0,0,0.00
FMa029,100.0,0,0,0,0.00
FIg002,2000.0,0,0,0,0.00
STa006,15000.0,0,0,0,0.00
FIg001,15000.0,0,0,0,0.00
FIa122,1000.0,0,0,0,0.00
SMe001,2000.0,0,0,0,0.00
FIa122,200.0,0,0,0,0.00
NIa018,200.0,0,0,0,0.00
SEa024,0.0,0,0,0,0.00
SMe001,15000.0,0,0,0,0.00
GEb001,100.0,0,0,0,0.00
RFa063,15000.0,0,0,0,0.00
ENa043,200.0,0,0,0,0.00
BFa025,2000.0,0,0,0,0.00
RFa031,2000.0,0,0,0,0.00
NIa032,15000.0,0,0,0,0.00
GEb001,500.0,0,0,0,0.00
RFa031,15000.0,0,0,0,0.00
BFa025,15000.0,0,0,0,0.00
FMa026,100.0,0,0,0,0.00
RCa029,1000.0,0,0,0,0.00
RFa036,15000.0,0,0,0,0.00
ENa001,15000.0,0,0,0,0.00
ZZa006,2000.0,0,0,0,0.00
HTc013,1000.0,0,0,0,0.00
FIa159,2000.0,0,0,0,0.00
ENa001,2000.0,0,0,0,0.00
RFa036,2000.0,0,0,0,0.00
RCa029,200.0,0,0,0,0.00
FMa026,500.0,0,0,0,0.00
FIa159,15000.0,0,0,0,0.00
HTc013,200.0,0,0,0,0.00
ZZa006,15000.0,0,0,0,0.00
RFa058,0.0,0,0,0,0.00
HTc017,200.0,0,0,0,0.00
RFa055,15000.0,0,0,0,0.00
CFc001,15000.0,0,0,0,0.00
MSa006,200.0,0,0,0,0.00
FMa001,5000.0,0,0,0,0.00
RFa056,15000.0,0,0,0,0.00
RFa055,2000.0,0,0,0,0.00
HTc017,1000.0,0,0,0,0.00
NIa001,15000.0,0,0,0,0.00
RFa058,15000.0,0,0,0,0.00
RFa056,0.0,0,0,0,0.00
FMa001,1000.0,0,0,0,0.00
MSa006,1000.0,0,0,0,0.00
CFc001,2000.0,0,0,0,0.00
SMa070,15000.0,0,0,0,0.00
FIa162,200.0,0,0,0,0.00
MHc001,15000.0,0,0,0,0.00
SEa007,200.0,0,0,0,0.00
MHc003,1000.0,0,0,0,0.00
FIa158,200.0,0,0,0,0.00
SMa070,2000.0,0,0,0,0.00
MHc003,200.0,0,0,0,0.00
MHc001,2000.0,0,0,0,0.00
RFa061,15000.0,0,0,0,0.00
NIa030,15000.0,0,0,0,0.00
FIg023,2000.0,0,0,0,0.00
FMa033,100.0,0,0,0,0.00
FIg023,15000.0,0,0,0,0.00
FIg024,15000.0,0,0,0,0.00
ZZg001,2000.0,0,0,0,0.00
ZZg001,15000.0,0,0,0,0.00
FIg024,0.0,0,0,0,0.00
STa018,2000.0,0,0,0,0.00
ENc001,2000.0,0,0,0,0.00
BFa001,2000.0,0,0,0,0.00
FIm010,200.0,0,0,0,0.00
FIa169,200.0,0,0,0,0.00
FIa173,15000.0,0,0,0,0.00
FIa166,15000.0,0,0,0,0.00
ENa049,200.0,0,0,0,0.00
FIa169,1000.0,0,0,0,0.00
ENa045,200.0,0,0,0,0.00
BFa001,15000.0,0,0,0,0.00
ENc001,15000.0,0,0,0,0.00
ENa049,1000.0,0,0,0,0.00
FIa166,2000.0,0,0,0,0.00
NIa030,2000.0,0,0,0,0.00
EIc006,1000.0,0,0,0,0.00
XXg016,100.0,0,0,0,0.00
ENa040,200.0,0,0,0,0.00
XXg016,100.0,0,0,0,0.00
EIc006,200.0,0,0,0,0.00
ENa043,1000.0,0,0,0,0.00
ENa040,1000.0,0,0,0,0.00
RFa038,15000.0,0,0,0,0.00
BFa026,2000.0,0,0,0,0.00
SEd001,15000.0,0,0,0,0.00
MSa001,15000.0,0,0,0,0.00
XXg034,100.0,0,0,0,0.00
ENa047,200.0,0,0,0,0.00
NIa034,2000.0,0,0,0,0.00
SEd001,2000.0,0,0,0,0.00
BFa026,15000.0,0,0,0,0.00
RFa038,0.0,0,0,0,0.00
XXg025,100.0,0,0,0,0.00
ENa047,1000.0,0,0,0,0.00
XXg034,100.0,0,0,0,0.00
MSa001,2000.0,0,0,0,0.00
FIa173,2000.0,0,0,0,0.00
EIc001,15000.0,0,0,0,0.00
XXg037,100.0,0,0,0,0.00
XXg030,100.0,0,0,0,0.00
FMa024,100.0,0,0,0,0.00
XXg037,100.0,0,0,0,0.00
EIc001,2000.0,0,0,0,0.00
SMa080,15000.0,0,0,0,0.00
ENa045,1000.0,0,0,0,0.00
XXg030,100.0,0,0,0,0.00
SMa076,2000.0,0,0,0,0.00
MHa032,200.0,0,0,0,0.00
XXg008,100.0,0,0,0,0.00
KVa007,2000.0,0,0,0,0.00
MHa032,1000.0,0,0,0,0.00
NIa034,15000.0,0,0,0,0.00
FIg021,15000.0,0,0,0,0.00
FIg022,1000.0,0,0,0,0.00
fj-okada,2.0,0,0,0,0.00
SMf001,15000.0,0,0,0,0.00
FMa036,100.0,0,0,0,0.00
FIg021,2000.0,0,0,0,0.00
SMf001,2000.0,0,0,0,0.00
FIg022,200.0,0,0,0,0.00
SWc009,15000.0,0,0,0,0.00
XXg032,100.0,0,0,0,0.00
NIa050,200.0,0,0,0,0.00
CFb001,15000.0,0,0,0,0.00
KVa007,15000.0,0,0,0,0.00
SMa080,2000.0,0,0,0,0.00
NIa050,1000.0,0,0,0,0.00
XXg032,100.0,0,0,0,0.00
CFb001,2000.0,0,0,0,0.00
XXg008,100.0,0,0,0,0.00
FMa027,50.0,0,0,0,0.00
STa003,2000.0,0,0,0,0.00
SMa076,15000.0,0,0,0,0.00
SMa084,2000.0,0,0,0,0.00
SMa083,2000.0,0,0,0,0.00
FIg025,2000.0,0,0,0,0.00
FMa028,100.0,0,0,0,0.00
SMa084,15000.0,0,0,0,0.00
STa003,15000.0,0,0,0,0.00
FMa028,50.0,0,0,0,0.00
FIg025,15000.0,0,0,0,0.00
SMa083,15000.0,0,0,0,0.00
XXa003,100.0,0,0,0,0.00
RFa060,2000.0,0,0,0,0.00
NIa037,15000.0,0,0,0,0.00
XXg017,100.0,0,0,0,0.00
XXg014,100.0,0,0,0,0.00
FMa027,100.0,0,0,0,0.00
XXg017,100.0,0,0,0,0.00
NIa037,2000.0,0,0,0,0.00
FMa036,50.0,0,0,0,0.00
XXg014,100.0,0,0,0,0.00
NIa018,1000.0,0,0,0,0.00
BFa028,2000.0,0,0,0,0.00
XXg036,100.0,0,0,0,0.00
RFa063,0.0,0,0,0,0.00
SMa081,200.0,0,0,0,0.00
FMa024,500.0,0,0,0,0.00
RFa001,15000.0,0,0,0,0.00
BFa028,15000.0,0,0,0,0.00
MHa031,1000.0,0,0,0,0.00
CFb020,2000.0,0,0,0,0.00
XXg031,100.0,0,0,0,0.00
MHa031,200.0,0,0,0,0.00
XXa003,100.0,0,0,0,0.00
XXg031,100.0,0,0,0,0.00
CFb020,15000.0,0,0,0,0.00
ENb007,200.0,0,0,0,0.00
ENb001,2000.0,0,0,0,0.00
ENb004,1000.0,0,0,0,0.00
ENb001,15000.0,0,0,0,0.00
ENb007,1000.0,0,0,0,0.00
ENb004,200.0,0,0,0,0.00
HTc020,15000.0,0,0,0,0.00
CFb004,15000.0,0,0,0,0.00
MHa034,200.0,0,0,0,0.00
FIr001,15000.0,0,0,0,0.00
CFb004,2000.0,0,0,0,0.00
HTc020,2000.0,0,0,0,0.00
FIr001,2000.0,0,0,0,0.00
SWb022,15000.0,0,0,0,0.00
MHa034,1000.0,0,0,0,0.00
INa002,15000.0,0,0,0,0.00
SMa085,200.0,0,0,0,0.00
HTc027,1000.0,0,0,0,0.00
SWc009,2000.0,0,0,0,0.00
INa002,2000.0,0,0,0,0.00
HTc027,200.0,0,0,0,0.00
SMa085,1000.0,0,0,0,0.00
STa004,15000.0,0,0,0,0.00
SMa082,2000.0,0,0,0,0.00
STa004,2000.0,0,0,0,0.00
SMa071,2000.0,0,0,0,0.00
FIp001,2000.0,0,0,0,0.00
SEa007,1000.0,0,0,0,0.00
SWb019,15000.0,0,0,0,0.00
XXg035,100.0,0,0,0,0.00
FIp001,15000.0,0,0,0,0.00
INh001,15000.0,0,0,0,0.00
NIa032,2000.0,0,0,0,0.00
INh001,2000.0,0,0,0,0.00
CFb021,15000.0,0,0,0,0.00
SMa082,15000.0,0,0,0,0.00
CFb021,2000.0,0,0,0,0.00
ENa041,1000.0,0,0,0,0.00
MHa030,1000.0,0,0,0,0.00
RCa030,200.0,0,0,0,0.00
FIa138,200.0,0,0,0,0.00
MHa033,1000.0,0,0,0,0.00
FIa130,1000.0,0,0,0,0.00
ENb002,1000.0,0,0,0,0.00
RFa066,15000.0,0,0,0,0.00
FIa138,1000.0,0,0,0,0.00
RCa030,1000.0,0,0,0,0.00
MHa030,200.0,0,0,0,0.00
ENb002,200.0,0,0,0,0.00
FIa130,200.0,0,0,0,0.00
MHa033,200.0,0,0,0,0.00
XXa006,0.0,0,0,0,0.00
ENb006,200.0,0,0,0,0.00
RFc001,0.0,0,0,0,0.00
RFa004,200.0,0,0,0,0.00
ENb005,200.0,0,0,0,0.00
ENb006,1000.0,0,0,0,0.00
NIa027,15000.0,0,0,0,0.00
ENb005,1000.0,0,0,0,0.00
RFa004,1000.0,0,0,0,0.00
HTc026,1000.0,0,0,0,0.00
ENa033,1000.0,0,0,0,0.00
SMa048,200.0,0,0,0,0.00
HTc026,200.0,0,0,0,0.00
NIa027,2000.0,0,0,0,0.00
SMa048,1000.0,0,0,0,0.00
RFa053,15000.0,0.38478236805555494,0.38478236805555494,0,0.00
ENa033,200.0,0,0,0,0.00
FIa170,2000.0,0,0,0,0.00
LEb001,2000.0,0,0,0,0.00
RFa001,2000.0,0,0,0,0.00
RCa033,2000.0,0,0,0,0.00
GEb019,100.0,0,0,0,0.00
FIp002,15000.0,0,0,0,0.00
LEb001,15000.0,0,0,0,0.00
ENa041,200.0,0,0,0,0.00
FIa170,15000.0,0,0,0,0.00
FIp002,2000.0,0,0,0,0.00
GEb019,500.0,0,0,0,0.00
RCa033,15000.0,0,0,0,0.00
BFa032,2000.0,0,0,0,0.00
SMa007,15000.0,0,0,0,0.00
SMa022,1000.0,0,0,0,0.00
NIa047,2000.0,0,0,0,0.00
NIa040,2000.0,0,0,0,0.00
RFa067,0.0,0,0,0,0.00
NIa047,15000.0,0,0,0,0.00
SMa022,200.0,0,0,0,0.00
SMa007,2000.0,0,0,0,0.00
NIa040,15000.0,0,0,0,0.00
FMa031,100.0,0,0,0,0.00
HTc006,1000.0,0,0,0,0.00
FMa032,100.0,0,0,0,0.00
RFa053,0.0,0,0,0,0.00
FMa031,500.0,0,0,0,0.00
FMa032,50.0,0,0,0,0.00
HTc006,200.0,0,0,0,0.00
HTc001,2000.0,0,0,0,0.00
RCa031,1000.0,0,0,0,0.00
RFa062,15000.0,0,0,0,0.00
RFa047,15000.0,0,0,0,0.00
SMa021,1000.0,0,0,0,0.00
RCa031,200.0,0,0,0,0.00
HTc001,15000.0,0,0,0,0.00
SMa021,200.0,0,0,0,0.00
STa009,2000.0,0,0,0,0.00
RFa047,0.0,0,0,0,0.00
ZZa011,1000.0,0.04968675154320987,0.04940055555555555,0.00028619598765432095,0.00
FIn002,2000.0,0,0,0,0.00
FIa174,200.0,0,0,0,0.00
FIa131,15000.0,0,0,0,0.00
BRa003,1000.0,0,0,0,0.00
SMa066,200.0,0,0,0,0.00
BRa004,200.0,0,0,0,0.00
BRa003,200.0,0,0,0,0.00
FIa131,2000.0,0,0,0,0.00
FIa174,1000.0,0,0,0,0.00
FIn002,15000.0,0,0,0,0.00
ZZa011,200.0,0.02316611111111111,0.02316611111111111,0,0.01
BRa004,1000.0,0,0,0,0.00
SMa066,1000.0,0,0,0,0.00
RFa067,15000.0,0.0014500625000000002,0.0014500625000000002,0,0.00
